1111111111110010000000000010000000000001
0000000000000000000000001110001000000001
1111111111110010000000010010000000000001
0000000000001000000000001110001000000001
1111111111110010000000100010000000000001
0000000000010000000000001110001000000001
0000000000000000000000000000000000000001
0000000000011000000000001110100000000001
0000000000000000000000000000000000000001
0000000000100000000000001110100000000001
0000000000000000000000000000000000000001
0000000000101000000000001110100000000001
0000000000000000000000000000000000000001
0000000000110000000000001110100000000001
0000000000000000000000000000000000000001
0000000000111000000000001110100000000001
0000000000000000000000000000000000000001
0000000001000000000000001110100000000001
0000000000000000000000000000000000000001
0000000001001000000000001110100000000001
0000000000000000000000000000000000000001
0000000001010000000000001110100000000001
1111111111110010000000110010000000000001
0000000001011000000000001110001000000001
1111111111110010000001000010000000000001
0000000001100000000000001110001000000001
0000000000010001000010000010000000000001
0000000001110000000000001110001000000001
1111111111101001000010000010000000000001
0000000011001000000000001110001000000001
0000000001101001000010000010000000000001
0000000001110001000010000010001001001001
1111111111110001000010000010000000100110
0000000011001000000000001110001000000001
0000000010001001000010000010000000000001
1111111111110010100111010010001001001001
0000000001101001000010000010000000000001
0000000010101001000010000010000000100101
0000000010110000000000001110001000000001
0000000010011001000010000010000000000001
1111111111110010100111010010001001001001
0000000001101001000010000010000000000001
0000000010111001000010000010000000100101
0000000011000000000000001110001000000001
0000000011010001000010000010000000000001
0000000000000000000000000000000000000001
0000000011100000000000001111000000000001
0000000011100001000010000010000000000001
1111111111110010100111010010001001001001
0000000011001001000010000010000000000001
1111111111101001000010000010000000100101
0000000011001000000000001110001000000001
0000000001101001000010000010000000000001
0000000001110000000000001110001000100101
0000000010110010000001010010000000000001
0000000011101000000000001110001000000001
0000000011101000000000001100000000000001
0000000000101001000010000010000000000001
0000000100010000000000001110001000000001
0000001100001010000010010010000100000001
0000001100000010000010100010001100000001
0000000100100010000010010011010100000001
0000000100011010000010100010001100000001
0000000100010010000001100010001100000001
0000000100001010000001110010001100000001
0000000100000010000010000010001100000001
0000000000000000000000000000000000000001
0000000100101000000000001110001000000001
0000001100010000000000001111001000000001
0000000000110001000010000010000000000001
0000000101001000000000001110001000000001
0000001100100010000010010010000100000001
0000001100011010000010100010001100000001
0000000101011010000010010011010100000001
0000000101010010000010100010001100000001
0000000101001010000001100010001100000001
0000000101000010000001110010001100000001
0000000100111010000010000010001100000001
0000000000000000000000000000000000000001
0000000101100000000000001110001000000001
0000001100101000000000001111001000000001
0000000000111001000010000010000000000001
0000000110000000000000001110001000000001
0000001100111010000010010010000100000001
0000001100110010000010100010001100000001
0000000110010010000010010011010100000001
0000000110001010000010100010001100000001
0000000110000010000001100010001100000001
0000000101111010000001110010001100000001
0000000101110010000010000010001100000001
0000000000000000000000000000000000000001
0000000110011000000000001110001000000001
0000001101000000000000001111001000000001
0000000001000001000010000010000000000001
0000000110111000000000001110001000000001
0000001101010010000010010010000100000001
0000001101001010000010100010001100000001
0000000111001010000010010011010100000001
0000000111000010000010100010001100000001
0000000110111010000001100010001100000001
0000000110110010000001110010001100000001
0000000110101010000010000010001100000001
0000000000000000000000000000000000000001
0000000111010000000000001110001000000001
0000001101011000000000001111001000000001
0000000001001001000010000010000000000001
0000000111110000000000001110001000000001
0000001101101010000010010010000100000001
0000001101100010000010100010001100000001
0000001000000010000010010011010100000001
0000000111111010000010100010001100000001
0000000111110010000001100010001100000001
0000000111101010000001110010001100000001
0000000111100010000010000010001100000001
0000000000000000000000000000000000000001
0000001000001000000000001110001000000001
0000001101110000000000001111001000000001
0000000011000010000001010010000000000001
0000000011110000000000001110001000000001
0000000011110000000000001100000000000001
0000000000101001000010000010000000000001
0000001000100000000000001110001000000001
0000001110000010000010010010000100000001
0000001101111010000010100010001100000001
0000001000110010000010010011010100000001
0000001000101010000010100010001100000001
0000001000100010000001100010001100000001
0000001000011010000001110010001100000001
0000001000010010000010000010001100000001
0000000000000000000000000000000000000001
0000001000111000000000001110001000000001
0000001110001000000000001111001000000001
0000000000110001000010000010000000000001
0000001001010000000000001110001000000001
0000001110011010000010010010000100000001
0000001110010010000010100010001100000001
0000001001100010000010010011010100000001
0000001001011010000010100010001100000001
0000001001010010000001100010001100000001
0000001001001010000001110010001100000001
0000001001000010000010000010001100000001
0000000000000000000000000000000000000001
0000001001101000000000001110001000000001
0000001110100000000000001111001000000001
0000000000111001000010000010000000000001
0000001010000000000000001110001000000001
0000001110110010000010010010000100000001
0000001110101010000010100010001100000001
0000001010010010000010010011010100000001
0000001010001010000010100010001100000001
0000001010000010000001100010001100000001
0000001001111010000001110010001100000001
0000001001110010000010000010001100000001
0000000000000000000000000000000000000001
0000001010011000000000001110001000000001
0000001110111000000000001111001000000001
0000000001000001000010000010000000000001
0000001010110000000000001110001000000001
0000001111001010000010010010000100000001
0000001111000010000010100010001100000001
0000001011000010000010010011010100000001
0000001010111010000010100010001100000001
0000001010110010000001100010001100000001
0000001010101010000001110010001100000001
0000001010100010000010000010001100000001
0000000000000000000000000000000000000001
0000001011001000000000001110001000000001
0000001111010000000000001111001000000001
0000000001001001000010000010000000000001
0000001011100000000000001110001000000001
0000001111100010000010010010000100000001
0000001111011010000010100010001100000001
0000001011110010000010010011010100000001
0000001011101010000010100010001100000001
0000001011100010000001100010001100000001
0000001011011010000001110010001100000001
0000001011010010000010000010001100000001
0000000000000000000000000000000000000001
0000001011111000000000001110001000000001
0000001111101000000000001111001000000001
0000000001111001000010000010000000000001
0000000010001001000010000010001001000001
0000000011011000000000001110001000000001
0000000010001001000010000010000000000001
0000000011011010100111000010001000000001
0000000010010000000000001110001000000001
1111111111110001000010000010000000000001
0000000010010001000010000010001001000001
0000000010100000000000001110001000000001
0000000010010000000000001100000000000001
0000000100101111111111110010000000000001
0000000010100000000000001100000000000001
0000001000111111111111110010001000000001
0000000011111000000000001110001000000001
0000000010010000000000001100000000000001
0000000101100111111111110010000000000001
0000000010100000000000001100000000000001
0000001001101111111111110010001000000001
0000000100110000000000001110001000000001
0000000010010000000000001100000000000001
0000000110011111111111110010000000000001
0000000010100000000000001100000000000001
0000001010011111111111110010001000000001
0000000101101000000000001110001000000001
0000000010010000000000001100000000000001
0000000111010111111111110010000000000001
0000000010100000000000001100000000000001
0000001011001111111111110010001000000001
0000000110100000000000001110001000000001
0000000010010000000000001100000000000001
0000001000001111111111110010000000000001
0000000010100000000000001100000000000001
0000001011111111111111110010001000000001
0000000111011000000000001110001000000001
0000000001111001000010000010000000000001
0000000011001001000010000010001001000001
0000000000000000000000000000000000000001
0000000010000000000000001111000000000001
0000000001011001000010000010000000000001
1111111011011000000000000000001000000001
0000000000001001000010000010000000000001
0000001111111000000000001110001000000001
1111111111101001000010000010000000000001
0000010001010000000000001110001000000001
0000001111110001000010000010000000000001
0000001111111001000010000010001001001001
1111111111110001000010000010000000100110
0000010001010000000000001110001000000001
0000010000010001000010000010000000000001
1111111111110011001101100010001001001001
0000001111110001000010000010000000000001
0000010000110001000010000010000000100101
0000010000111000000000001110001000000001
0000010000100001000010000010000000000001
1111111111110011001101100010001001001001
0000001111110001000010000010000000000001
0000010001000001000010000010000000100101
0000010001001000000000001110001000000001
0000010001011001000010000010000000000001
0000000000000000000000000000000000000001
0000000011100000000000001111000000000001
0000000011100001000010000010000000000001
1111111111110011001101100010001001001001
0000010001010001000010000010000000000001
1111111111101001000010000010000000100101
0000010001010000000000001110001000000001
0000001111110001000010000010000000000001
0000001111111000000000001110001000100101
0000010000111010100111100010000000000001
0000010001101000000000001110001000000001
0000010001101000000000001100000000000001
0000000011111001000010000010000000000001
0000010010010000000000001110001000000001
0000011010001010101000100010000100000001
0000011010000010101000110010001100000001
0000010010100010101000100011010100000001
0000010010011010101000110010001100000001
0000010010010010100111110010001100000001
0000010010001010101000000010001100000001
0000010010000010101000010010001100000001
0000000000000000000000000000000000000001
0000010010101000000000001110001000000001
0000011010010000000000001111001000000001
0000000100110001000010000010000000000001
0000010011001000000000001110001000000001
0000011010100010101000100010000100000001
0000011010011010101000110010001100000001
0000010011011010101000100011010100000001
0000010011010010101000110010001100000001
0000010011001010100111110010001100000001
0000010011000010101000000010001100000001
0000010010111010101000010010001100000001
0000000000000000000000000000000000000001
0000010011100000000000001110001000000001
0000011010101000000000001111001000000001
0000000101101001000010000010000000000001
0000010100000000000000001110001000000001
0000011010111010101000100010000100000001
0000011010110010101000110010001100000001
0000010100010010101000100011010100000001
0000010100001010101000110010001100000001
0000010100000010100111110010001100000001
0000010011111010101000000010001100000001
0000010011110010101000010010001100000001
0000000000000000000000000000000000000001
0000010100011000000000001110001000000001
0000011011000000000000001111001000000001
0000000110100001000010000010000000000001
0000010100111000000000001110001000000001
0000011011010010101000100010000100000001
0000011011001010101000110010001100000001
0000010101001010101000100011010100000001
0000010101000010101000110010001100000001
0000010100111010100111110010001100000001
0000010100110010101000000010001100000001
0000010100101010101000010010001100000001
0000000000000000000000000000000000000001
0000010101010000000000001110001000000001
0000011011011000000000001111001000000001
0000000111011001000010000010000000000001
0000010101110000000000001110001000000001
0000011011101010101000100010000100000001
0000011011100010101000110010001100000001
0000010110000010101000100011010100000001
0000010101111010101000110010001100000001
0000010101110010100111110010001100000001
0000010101101010101000000010001100000001
0000010101100010101000010010001100000001
0000000000000000000000000000000000000001
0000010110001000000000001110001000000001
0000011011110000000000001111001000000001
0000010001001010100111100010000000000001
0000010001110000000000001110001000000001
0000010001110000000000001100000000000001
0000000011111001000010000010000000000001
0000010110100000000000001110001000000001
0000011100000010101000100010000100000001
0000011011111010101000110010001100000001
0000010110110010101000100011010100000001
0000010110101010101000110010001100000001
0000010110100010100111110010001100000001
0000010110011010101000000010001100000001
0000010110010010101000010010001100000001
0000000000000000000000000000000000000001
0000010110111000000000001110001000000001
0000011100001000000000001111001000000001
0000000100110001000010000010000000000001
0000010111010000000000001110001000000001
0000011100011010101000100010000100000001
0000011100010010101000110010001100000001
0000010111100010101000100011010100000001
0000010111011010101000110010001100000001
0000010111010010100111110010001100000001
0000010111001010101000000010001100000001
0000010111000010101000010010001100000001
0000000000000000000000000000000000000001
0000010111101000000000001110001000000001
0000011100100000000000001111001000000001
0000000101101001000010000010000000000001
0000011000000000000000001110001000000001
0000011100110010101000100010000100000001
0000011100101010101000110010001100000001
0000011000010010101000100011010100000001
0000011000001010101000110010001100000001
0000011000000010100111110010001100000001
0000010111111010101000000010001100000001
0000010111110010101000010010001100000001
0000000000000000000000000000000000000001
0000011000011000000000001110001000000001
0000011100111000000000001111001000000001
0000000110100001000010000010000000000001
0000011000110000000000001110001000000001
0000011101001010101000100010000100000001
0000011101000010101000110010001100000001
0000011001000010101000100011010100000001
0000011000111010101000110010001100000001
0000011000110010100111110010001100000001
0000011000101010101000000010001100000001
0000011000100010101000010010001100000001
0000000000000000000000000000000000000001
0000011001001000000000001110001000000001
0000011101010000000000001111001000000001
0000000111011001000010000010000000000001
0000011001100000000000001110001000000001
0000011101100010101000100010000100000001
0000011101011010101000110010001100000001
0000011001110010101000100011010100000001
0000011001101010101000110010001100000001
0000011001100010100111110010001100000001
0000011001011010101000000010001100000001
0000011001010010101000010010001100000001
0000000000000000000000000000000000000001
0000011001111000000000001110001000000001
0000011101101000000000001111001000000001
0000010000000001000010000010000000000001
0000010000010001000010000010001001000001
0000010001100000000000001110001000000001
0000010000010001000010000010000000000001
0000010001100011001101010010001000000001
0000010000011000000000001110001000000001
1111111111110001000010000010000000000001
0000010000011001000010000010001001000001
0000010000101000000000001110001000000001
0000010000011000000000001100000000000001
0000010010101111111111110010000000000001
0000010000101000000000001100000000000001
0000010110111111111111110010001000000001
0000010001111000000000001110001000000001
0000010000011000000000001100000000000001
0000010011100111111111110010000000000001
0000010000101000000000001100000000000001
0000010111101111111111110010001000000001
0000010010110000000000001110001000000001
0000010000011000000000001100000000000001
0000010100011111111111110010000000000001
0000010000101000000000001100000000000001
0000011000011111111111110010001000000001
0000010011101000000000001110001000000001
0000010000011000000000001100000000000001
0000010101010111111111110010000000000001
0000010000101000000000001100000000000001
0000011001001111111111110010001000000001
0000010100100000000000001110001000000001
0000010000011000000000001100000000000001
0000010110001111111111110010000000000001
0000010000101000000000001100000000000001
0000011001111111111111110010001000000001
0000010101011000000000001110001000000001
0000010000000001000010000010000000000001
0000010001010001000010000010001001000001
0000000000000000000000000000000000000001
0000010000001000000000001111000000000001
0000000001010001000010000010000000000001
0000000000000000000000000000000000000001
0000011101110000000000001111000000000001
0000000000000001000010000010000000000001
0000011110000000000000001110001000000001
1111111111101001000010000010000000000001
0000011111011000000000001110001000000001
0000011101111001000010000010000000000001
0000011110000001000010000010001001001001
1111111111110001000010000010000000100110
0000011111011000000000001110001000000001
0000011110011001000010000010000000000001
1111111111110011110011110010001001001001
0000011101111001000010000010000000000001
0000011110111001000010000010000000100101
0000011111000000000000001110001000000001
0000011110101001000010000010000000000001
1111111111110011110011110010001001001001
0000011101111001000010000010000000000001
0000011111001001000010000010000000100101
0000011111010000000000001110001000000001
0000011111100001000010000010000000000001
0000000000000000000000000000000000000001
0000000011100000000000001111000000000001
0000000011100001000010000010000000000001
1111111111110011110011110010001001001001
0000011111011001000010000010000000000001
1111111111101001000010000010000000100101
0000011111011000000000001110001000000001
0000011101111001000010000010000000000001
0000011110000000000000001110001000100101
0000011111000011001101110010000000000001
0000011111110000000000001110001000000001
0000011111110000000000001100000000000001
0000010001111001000010000010000000000001
0000100000010000000000001110001000000001
0000100111101011001110110010000100000001
0000100111100011001111000010001100000001
0000100000100011001110110011010100000001
0000100000011011001111000010001100000001
0000100000010011001110000010001100000001
0000100000001011001110010010001100000001
0000100000000011001110100010001100000001
0000000000000000000000000000000000000001
0000100000101000000000001110001000000001
0000100111110000000000001111001000000001
0000010010110001000010000010000000000001
0000100001000000000000001110001000000001
0000101000000011001110110010000100000001
0000100111111011001111000010001100000001
0000100001010011001110110011010100000001
0000100001001011001111000010001100000001
0000100001000011001110000010001100000001
0000100000111011001110010010001100000001
0000100000110011001110100010001100000001
0000000000000000000000000000000000000001
0000100001011000000000001110001000000001
0000101000001000000000001111001000000001
0000010011101001000010000010000000000001
0000100001110000000000001110001000000001
0000101000011011001110110010000100000001
0000101000010011001111000010001100000001
0000100010000011001110110011010100000001
0000100001111011001111000010001100000001
0000100001110011001110000010001100000001
0000100001101011001110010010001100000001
0000100001100011001110100010001100000001
0000000000000000000000000000000000000001
0000100010001000000000001110001000000001
0000101000100000000000001111001000000001
0000010100100001000010000010000000000001
0000100010100000000000001110001000000001
0000101000110011001110110010000100000001
0000101000101011001111000010001100000001
0000100010110011001110110011010100000001
0000100010101011001111000010001100000001
0000100010100011001110000010001100000001
0000100010011011001110010010001100000001
0000100010010011001110100010001100000001
0000000000000000000000000000000000000001
0000100010111000000000001110001000000001
0000101000111000000000001111001000000001
0000010101011001000010000010000000000001
0000100011010000000000001110001000000001
0000101001001011001110110010000100000001
0000101001000011001111000010001100000001
0000100011100011001110110011010100000001
0000100011011011001111000010001100000001
0000100011010011001110000010001100000001
0000100011001011001110010010001100000001
0000100011000011001110100010001100000001
0000000000000000000000000000000000000001
0000100011101000000000001110001000000001
0000101001010000000000001111001000000001
0000011111010011001101110010000000000001
0000011111111000000000001110001000000001
0000011111111000000000001100000000000001
0000010001111001000010000010000000000001
0000100100000000000000001110001000000001
0000101001100011001110110010000100000001
0000101001011011001111000010001100000001
0000100100010011001110110011010100000001
0000100100001011001111000010001100000001
0000100100000011001110000010001100000001
0000100011111011001110010010001100000001
0000100011110011001110100010001100000001
0000000000000000000000000000000000000001
0000100100011000000000001110001000000001
0000101001101000000000001111001000000001
0000010010110001000010000010000000000001
0000100100110000000000001110001000000001
0000101001111011001110110010000100000001
0000101001110011001111000010001100000001
0000100101000011001110110011010100000001
0000100100111011001111000010001100000001
0000100100110011001110000010001100000001
0000100100101011001110010010001100000001
0000100100100011001110100010001100000001
0000000000000000000000000000000000000001
0000100101001000000000001110001000000001
0000101010000000000000001111001000000001
0000010011101001000010000010000000000001
0000100101100000000000001110001000000001
0000101010010011001110110010000100000001
0000101010001011001111000010001100000001
0000100101110011001110110011010100000001
0000100101101011001111000010001100000001
0000100101100011001110000010001100000001
0000100101011011001110010010001100000001
0000100101010011001110100010001100000001
0000000000000000000000000000000000000001
0000100101111000000000001110001000000001
0000101010011000000000001111001000000001
0000010100100001000010000010000000000001
0000100110010000000000001110001000000001
0000101010101011001110110010000100000001
0000101010100011001111000010001100000001
0000100110100011001110110011010100000001
0000100110011011001111000010001100000001
0000100110010011001110000010001100000001
0000100110001011001110010010001100000001
0000100110000011001110100010001100000001
0000000000000000000000000000000000000001
0000100110101000000000001110001000000001
0000101010110000000000001111001000000001
0000010101011001000010000010000000000001
0000100111000000000000001110001000000001
0000101011000011001110110010000100000001
0000101010111011001111000010001100000001
0000100111010011001110110011010100000001
0000100111001011001111000010001100000001
0000100111000011001110000010001100000001
0000100110111011001110010010001100000001
0000100110110011001110100010001100000001
0000000000000000000000000000000000000001
0000100111011000000000001110001000000001
0000101011001000000000001111001000000001
0000011110001001000010000010000000000001
0000011110011001000010000010001001000001
0000011111101000000000001110001000000001
0000011110011001000010000010000000000001
0000011111101011110011100010001000000001
0000011110100000000000001110001000000001
1111111111110001000010000010000000000001
0000011110100001000010000010001001000001
0000011110110000000000001110001000000001
0000011110100000000000001100000000000001
0000100000101111111111110010000000000001
0000011110110000000000001100000000000001
0000100100011111111111110010001000000001
0000101110100000000000001110001000000001
0000011110100000000000001100000000000001
0000100001011111111111110010000000000001
0000011110110000000000001100000000000001
0000100101001111111111110010001000000001
0000101111010000000000001110001000000001
0000011110100000000000001100000000000001
0000100010001111111111110010000000000001
0000011110110000000000001100000000000001
0000100101111111111111110010001000000001
0000110000000000000000001110001000000001
0000011110100000000000001100000000000001
0000100010111111111111110010000000000001
0000011110110000000000001100000000000001
0000100110101111111111110010001000000001
0000110000110000000000001110001000000001
0000011110100000000000001100000000000001
0000100011101111111111110010000000000001
0000011110110000000000001100000000000001
0000100111011111111111110010001000000001
0000110001100000000000001110001000000001
0000011110001001000010000010000000000001
0000011111011001000010000010001001000001
0000000000000000000000000000000000000001
0000011110010000000000001111000000000001
0000011101110000000000001100000000000001
0000011101110111111111110010000000000001
0000000000000000000000000000000000000001
0000101101010000000000001110001000000001
0000101101011000000000001111001000000001
0000101011101001000010000010000000000001
0000101011101011111100100010001001000001
0000101101011011111100100010001000000001
0000101011011001000010000011010000000001
0000101011011011111100100010001001000001
0000101101010011111100101000001000000001
0000101101010011111100100010001000000001
0000000000000000000000000000000000000001
0000101011100000000000001110001000000001
0000101011110000000000001111001000000001
0000101101100000000000001111011000000001
0000101100001001000010000010000000001001
0000101100010000000000001110001000000001
0000101011111001000010000010000000000001
1111111111110011111101000010001001100111
0000101100000000000000001110001000000001
0000101101100001000010000010001001001001
0000101101100001000010000010000000000001
0000101100000000000000001110001000100111
1111111111110011111100110010000000000001
0000101100010000000000001110001000100111
0000000000000000000000000000000000000001
0000101100010001000010000010000000001001
1111111111111001000010000010001001000001
0000101100010000000000001110001000100110
0000101101011001000010100010000000000001
0000101101010001000010100011010000000001
0000000000000000000000000000000000000001
1111111111101001000010001000001000000001
0000000000000000000000000000000000000001
0000000000000000000000000000000000000001
0000101101101000000000001111011000000001
0000101100101001000010000010000000001001
0000101100110000000000001110001000000001
0000101100011001000010000010000000000001
1111111111110011111101100010001001100111
0000101100100000000000001110001000000001
0000101101101001000010000010001001001001
0000101101101001000010000010000000000001
0000101100100000000000001110001000100111
1111111111110011111101010010000000000001
0000101100110000000000001110001000100111
0000000000000000000000000000000000000001
0000101100110001000010000010000000001001
1111111111111001000010000010001001000001
0000101100110000000000001110001000100110
0000101100000001000010000010000000000001
0000101100100001000010000100000000001001
0000000000000000000000000000000000000001
0000101110000000000000001110001000000001
0000101110000000000000001110010000100011
0000000000000000000000000000000000000001
0000101110000001000110100010000000000001
0000000000000000000000000000000000000001
0000101101110000000000001110001000000001
0000101101111000000000001111001000000001
0000101101110000000000001100000000000001
0000000000000000000000000000000000000001
0000000000000011110100011010000100000001
1111111111100001000010000010000000000001
0000000000000011110100001010000100000001
1111111111100001000010000010001001000001
0000101100111000000000001110001000000001
0000101101111000000000001100000000000001
0000101100111111111111110010000000000001
1111111111100001000010000010001000000001
0000101101001000000000001110001000000001
0000101101001000000000001100000000000001
0000000001010111111111110010000000000001
0000101011010000000000001110001000000001
0000000001100011111101110010000000000001
0000101110001000000000001110001000000001
0000101110001000000000001100000000000001
0000000000000000000000000000000000000001
0000110010001011111110110010000100000001
0000110010000011111111000010001100000001
0000101110110011111110110011010100000001
0000101110101011111111000010001100000001
0000101110100011111110000010001100000001
0000101110011011111110010010001100000001
0000101110010011111110100010001100000001
0000000000000000000000000000000000000001
0000101110111000000000001110001000000001
0000110010010000000000001111001000000001
0000110010100011111110110010000100000001
0000110010011011111111000010001100000001
0000101111100011111110110011010100000001
0000101111011011111111000010001100000001
0000101111010011111110000010001100000001
0000101111001011111110010010001100000001
0000101111000011111110100010001100000001
0000000000000000000000000000000000000001
0000101111101000000000001110001000000001
0000110010101000000000001111001000000001
0000110010111011111110110010000100000001
0000110010110011111111000010001100000001
0000110000010011111110110011010100000001
0000110000001011111111000010001100000001
0000110000000011111110000010001100000001
0000101111111011111110010010001100000001
0000101111110011111110100010001100000001
0000000000000000000000000000000000000001
0000110000011000000000001110001000000001
0000110011000000000000001111001000000001
0000110011010011111110110010000100000001
0000110011001011111111000010001100000001
0000110001000011111110110011010100000001
0000110000111011111111000010001100000001
0000110000110011111110000010001100000001
0000110000101011111110010010001100000001
0000110000100011111110100010001100000001
0000000000000000000000000000000000000001
0000110001001000000000001110001000000001
0000110011011000000000001111001000000001
0000110011101011111110110010000100000001
0000110011100011111111000010001100000001
0000110001110011111110110011010100000001
0000110001101011111111000010001100000001
0000110001100011111110000010001100000001
0000110001011011111110010010001100000001
0000110001010011111110100010001100000001
0000000000000000000000000000000000000001
0000110001111000000000001110001000000001
0000110011110000000000001111001000000001
0000101011010001000010000010000000000001
1111111101010000000000000000001000000001
0000101110111001000010000010000000000001
0000000000000000000000000000000000000001
0000110011111000000000001111000000000001
0000101111101001000010000010000000000001
0000000000000000000000000000000000000001
0000110100000000000000001111000000000001
0000110000011001000010000010000000000001
0000000000000000000000000000000000000001
0000110100001000000000001111000000000001
0000110001001001000010000010000000000001
0000000000000000000000000000000000000001
0000110100010000000000001111000000000001
0000110001111001000010000010000000000001
0000000000000000000000000000000000000001
0000110100011000000000001111000000000001
0000110100011000000000001100000000000001
0000110100011111111111110010000000000001
0000000000000000000000000000000000000001
0000110110100000000000001110001000000001
0000110110101000000000001111001000000001
0000110100111001000010000010000000000001
0000110100111100001001000010001001000001
0000110110101100001001000010001000000001
0000110100101001000010000011010000000001
0000110100101100001001000010001001000001
0000110110100100001001001000001000000001
0000110110100100001001000010001000000001
0000000000000000000000000000000000000001
0000110100110000000000001110001000000001
0000110101000000000000001111001000000001
0000110110110000000000001111011000000001
0000110101011001000010000010000000001001
0000110101100000000000001110001000000001
0000110101001001000010000010000000000001
1111111111110100001001100010001001100111
0000110101010000000000001110001000000001
0000110110110001000010000010001001001001
0000110110110001000010000010000000000001
0000110101010000000000001110001000100111
1111111111110100001001010010000000000001
0000110101100000000000001110001000100111
0000000000000000000000000000000000000001
0000110101100001000010000010000000001001
1111111111111001000010000010001001000001
0000110101100000000000001110001000100110
0000110110101001000010100010000000000001
0000110110100001000010100011010000000001
0000000000000000000000000000000000000001
1111111111101001000010001000001000000001
0000000000000000000000000000000000000001
0000000000000000000000000000000000000001
0000110110111000000000001111011000000001
0000110101111001000010000010000000001001
0000110110000000000000001110001000000001
0000110101101001000010000010000000000001
1111111111110100001010000010001001100111
0000110101110000000000001110001000000001
0000110110111001000010000010001001001001
0000110110111001000010000010000000000001
0000110101110000000000001110001000100111
1111111111110100001001110010000000000001
0000110110000000000000001110001000100111
0000000000000000000000000000000000000001
0000110110000001000010000010000000001001
1111111111111001000010000010001001000001
0000110110000000000000001110001000100110
0000110101010001000010000010000000000001
0000110101110001000010000100000000001001
0000000000000000000000000000000000000001
0000110111010000000000001110001000000001
0000110111010000000000001110010000100011
0000000000000000000000000000000000000001
0000110111010001000110100010000000000001
0000000000000000000000000000000000000001
0000110111000000000000001110001000000001
0000110111001000000000001111001000000001
0000110111000000000000001100000000000001
0000000000000000000000000000000000000001
0000000000000100000000111010000100000001
1111111111100001000010000010000000000001
0000000000000100000000101010000100000001
1111111111100001000010000010001001000001
0000110110001000000000001110001000000001
0000110111001000000000001100000000000001
0000110110001111111111110010000000000001
1111111111100001000010000010001000000001
0000110110011000000000001110001000000001
0000110110011000000000001100000000000001
0000110001111111111111110010000000000001
0000110100100000000000001110001000000001
0000110100000001000010000100000000000001
0000110011111001000010000010000000001001
0000110100000001000010000010000000100011
0000110111011000000000001110001000000001
0000000000000000000000000000000000000001
0000110100010001000010000100000000000001
0000110100001001000010000010000000001001
0000110100010001000010000010000000100011
0000110111100000000000001110001000000001
0000000000000000000000000000000000000001
0000110111011000000000001100000000000001
0000110111011111111111110010000000000001
0000000000000000000000000000000000000001
0000111001110000000000001110001000000001
0000111001111000000000001111001000000001
0000111000001001000010000010000000000001
0000111000001100010010110010001001000001
0000111001111100010010110010001000000001
0000110111111001000010000011010000000001
0000110111111100010010110010001001000001
0000111001110100010010111000001000000001
0000111001110100010010110010001000000001
0000000000000000000000000000000000000001
0000111000000000000000001110001000000001
0000111000010000000000001111001000000001
0000111010000000000000001111011000000001
0000111000101001000010000010000000001001
0000111000110000000000001110001000000001
0000111000011001000010000010000000000001
1111111111110100010011010010001001100111
0000111000100000000000001110001000000001
0000111010000001000010000010001001001001
0000111010000001000010000010000000000001
0000111000100000000000001110001000100111
1111111111110100010011000010000000000001
0000111000110000000000001110001000100111
0000000000000000000000000000000000000001
0000111000110001000010000010000000001001
1111111111111001000010000010001001000001
0000111000110000000000001110001000100110
0000111001111001000010100010000000000001
0000111001110001000010100011010000000001
0000000000000000000000000000000000000001
1111111111101001000010001000001000000001
0000000000000000000000000000000000000001
0000000000000000000000000000000000000001
0000111010001000000000001111011000000001
0000111001001001000010000010000000001001
0000111001010000000000001110001000000001
0000111000111001000010000010000000000001
1111111111110100010011110010001001100111
0000111001000000000000001110001000000001
0000111010001001000010000010001001001001
0000111010001001000010000010000000000001
0000111001000000000000001110001000100111
1111111111110100010011100010000000000001
0000111001010000000000001110001000100111
0000000000000000000000000000000000000001
0000111001010001000010000010000000001001
1111111111111001000010000010001001000001
0000111001010000000000001110001000100110
0000111000100001000010000010000000000001
0000111001000001000010000100000000001001
0000000000000000000000000000000000000001
0000111010100000000000001110001000000001
0000111010100000000000001110010000100011
0000000000000000000000000000000000000001
0000111010100001000110100010000000000001
0000000000000000000000000000000000000001
0000111010010000000000001110001000000001
0000111010011000000000001111001000000001
0000111010010000000000001100000000000001
0000000000000000000000000000000000000001
0000000000000100001010101010000100000001
1111111111100001000010000010000000000001
0000000000000100001010011010000100000001
1111111111100001000010000010001001000001
0000111001011000000000001110001000000001
0000111010011000000000001100000000000001
0000111001011111111111110010000000000001
1111111111100001000010000010001000000001
0000111001101000000000001110001000000001
0000111001101000000000001100000000000001
0000101110111111111111110010000000000001
0000110111101000000000001110001000000001
0000101111101111111111110010000000000001
0000110111110000000000001110001000000001
0000110111100000000000001100000000000001
0000110111100111111111110010000000000001
0000000000000000000000000000000000000001
0000111100110000000000001110001000000001
0000111100111000000000001111001000000001
0000111011001001000010000010000000000001
0000111011001100011100100010001001000001
0000111100111100011100100010001000000001
0000111010111001000010000011010000000001
0000111010111100011100100010001001000001
0000111100110100011100101000001000000001
0000111100110100011100100010001000000001
0000000000000000000000000000000000000001
0000111011000000000000001110001000000001
0000111011010000000000001111001000000001
0000111101000000000000001111011000000001
0000111011101001000010000010000000001001
0000111011110000000000001110001000000001
0000111011011001000010000010000000000001
1111111111110100011101000010001001100111
0000111011100000000000001110001000000001
0000111101000001000010000010001001001001
0000111101000001000010000010000000000001
0000111011100000000000001110001000100111
1111111111110100011100110010000000000001
0000111011110000000000001110001000100111
0000000000000000000000000000000000000001
0000111011110001000010000010000000001001
1111111111111001000010000010001001000001
0000111011110000000000001110001000100110
0000111100111001000010100010000000000001
0000111100110001000010100011010000000001
0000000000000000000000000000000000000001
1111111111101001000010001000001000000001
0000000000000000000000000000000000000001
0000000000000000000000000000000000000001
0000111101001000000000001111011000000001
0000111100001001000010000010000000001001
0000111100010000000000001110001000000001
0000111011111001000010000010000000000001
1111111111110100011101100010001001100111
0000111100000000000000001110001000000001
0000111101001001000010000010001001001001
0000111101001001000010000010000000000001
0000111100000000000000001110001000100111
1111111111110100011101010010000000000001
0000111100010000000000001110001000100111
0000000000000000000000000000000000000001
0000111100010001000010000010000000001001
1111111111111001000010000010001001000001
0000111100010000000000001110001000100110
0000111011100001000010000010000000000001
0000111100000001000010000100000000001001
0000000000000000000000000000000000000001
0000111101100000000000001110001000000001
0000111101100000000000001110010000100011
0000000000000000000000000000000000000001
0000111101100001000110100010000000000001
0000000000000000000000000000000000000001
0000111101010000000000001110001000000001
0000111101011000000000001111001000000001
0000111101010000000000001100000000000001
0000000000000000000000000000000000000001
0000000000000100010100011010000100000001
1111111111100001000010000010000000000001
0000000000000100010100001010000100000001
1111111111100001000010000010001001000001
0000111100011000000000001110001000000001
0000111101011000000000001100000000000001
0000111100011111111111110010000000000001
1111111111100001000010000010001000000001
0000111100101000000000001110001000000001
0000111100101000000000001100000000000001
0000110000011111111111110010000000000001
0000111010101000000000001110001000000001
0000110001001111111111110010000000000001
0000111010110000000000001110001000000001
0000110100100001000010000010000000000001
1111111101001000000000000000001000000001
0000111010110001000010000010000000000001
1111111100111000000000000000001000000001
0000111010101001000010000010000000000001
1111111101000000000000000000001000000001
0000110111110001000010000010000000000001
1111111100101000000000000000001000000001
0000110111101001000010000010000000000001
1111111100110000000000000000001000000001
0000000000000000000000000000000000000001
0000000000000000000000000000000000000001
0000000000000000000000000000000000000001
0000000000000000000000000000000000000001
0000000000000000000000000000000000000001
0000000000000000000000000000000000000001
0000000000000000000000000000000000000001
0000000000000000000000000000000000000001
0000000000000000000000000000000000000001
0000000000000000000000000000000000000001
0000000000000000000000000000000000000001
0000000000000000000000000000000000000001
0000000000000000000000000000000000000001
0000000000000000000000000000000000000001
0000000000000000000000000000000000000001
0000000000000000000000000000000000000001
0000000000000000000000000000000000000001
0000000000000000000000000000000000000001
0000000000000000000000000000000000000001
0000000000000000000000000000000000000001
0000000000000000000000000000000000000001
0000000000000000000000000000000000000001
