1111111111110010000000000010000000000001
0000000000000000000000001110001000000001
1111111111110010000000010010000000000001
0000000000001000000000001110001000000001
1111111111110010000000100010000000000001
0000000000010000000000001110001000000001
0000000000000000000000000000000000000001
0000000000011000000000001110100000000001
0000000000000000000000000000000000000001
0000000000100000000000001110100000000001
0000000000000000000000000000000000000001
0000000000101000000000001110100000000001
0000000000000000000000000000000000000001
0000000000110000000000001110100000000001
0000000000000000000000000000000000000001
0000000000111000000000001110100000000001
0000000000000000000000000000000000000001
0000000001000000000000001110100000000001
0000000000000000000000000000000000000001
0000000001001000000000001110100000000001
0000000000000000000000000000000000000001
0000000001010000000000001110100000000001
1111111111110010000000110010000000000001
0000000001011000000000001110001000000001
1111111111110010000001000010000000000001
0000000001100000000000001110001000000001
1111111111110010000001010010000000000001
0000000001101000000000001110001000000001
0000000001011001000010000010000000000001
0000000001111000000000001110001000000001
1111111111101001000010000010000000000001
0000000011010000000000001110001000000001
0000000001110001000010000010000000000001
0000000001111001000010000010001001001001
1111111111110001000010000010000000100110
0000000011010000000000001110001000000001
0000000010010001000010000010000000000001
1111111111110010100111100010001001001001
0000000001110001000010000010000000000001
0000000010110001000010000010000000100101
0000000010111000000000001110001000000001
0000000010100001000010000010000000000001
1111111111110010100111100010001001001001
0000000001110001000010000010000000000001
0000000011000001000010000010000000100101
0000000011001000000000001110001000000001
0000000011011001000010000010000000000001
0000000000000000000000000000000000000001
0000000011101000000000001111000000000001
0000000011101001000010000010000000000001
1111111111110010100111100010001001001001
0000000011010001000010000010000000000001
1111111111101001000010000010000000100101
0000000011010000000000001110001000000001
0000000001110001000010000010000000000001
0000000001111000000000001110001000100101
0000000010111010000001100010000000000001
0000000011110000000000001110001000000001
0000000011110000000000001100000000000001
0000000001010001000010000010000000000001
0000000100011000000000001110001000000001
0000000101110010000010100010000100000001
0000000101101010000010110010001100000001
0000000100101010000010100011010100000001
0000000100100010000010110010001100000001
0000000100011010000001110010001100000001
0000000100010010000010000010001100000001
0000000100001010000010010010001100000001
0000000000000000000000000000000000000001
0000000100110000000000001110001000000001
0000000101111000000000001111001000000001
0000000011001010000001100010000000000001
0000000011111000000000001110001000000001
0000000011111000000000001100000000000001
0000000001010001000010000010000000000001
0000000101001000000000001110001000000001
0000000110001010000010100010000100000001
0000000110000010000010110010001100000001
0000000101011010000010100011010100000001
0000000101010010000010110010001100000001
0000000101001010000001110010001100000001
0000000101000010000010000010001100000001
0000000100111010000010010010001100000001
0000000000000000000000000000000000000001
0000000101100000000000001110001000000001
0000000110010000000000001111001000000001
0000000010000001000010000010000000000001
0000000010010001000010000010001001000001
0000000011100000000000001110001000000001
0000000010010001000010000010000000000001
0000000011100010100111010010001000000001
0000000010011000000000001110001000000001
1111111111110001000010000010000000000001
0000000010011001000010000010001001000001
0000000010101000000000001110001000000001
0000000010011000000000001100000000000001
0000000100110111111111110010000000000001
0000000010101000000000001100000000000001
0000000101100111111111110010001000000001
0000000100000000000000001110001000000001
0000000010000001000010000010000000000001
0000000011010001000010000010001001000001
0000000000000000000000000000000000000001
0000000010001000000000001111000000000001
0000000001100001000010000010000000000001
1111111011011000000000000000001000000001
0000000001101001000010000010000000000001
0000001100000001000010000010001001000001
0000001100100000000000001110001000000001
0000001100010001000010000010000000000001
0000001100000001000010000011010000000001
0000001100100010101001100010001000000001
0000000000000000000000000000000000000001
0000001100001000000000001110001000000001
0000001100011000000000001111001000000001
0000001100001001000010000010000000000001
0000000111000000000000001110001000000001
0000001011110000000000001100000000000001
0000001011110111111111110010001001000001
0000000011101000000000001110001000000001
0000001011110001000010000010000000000001
0000000011101001000011010010001000000001
0000001011111000000000001110001000000001
1111111111110001000010000100000000000001
0000000111000001000010000010010001001001
1111111111101001000010000010000000100111
0000000111010000000000001110001000000001
0000000000101010100111110010000000000001
0000000111001000000000001110001000000001
0000000111101010101001010010000000000001
0000000111001010101001000010001000000001
0000000111110000000000001110001000000001
0000000000101010101000000010000000000001
0000000111100000000000001110001000000001
0000000111111010101000110010000000000001
0000000111100010101000010010001000000001
0000000111011010101000100010001000000001
0000001000000000000000001110001000000001
0000000111110001000010000010000000000001
0000001000000001000010000010001000000001
0000001000001000000000001110001000000001
0000000111000000000000001100000000000001
0000000000101111111111110010000000000001
0000001011111001000010000100000000000001
0000000011101000000000001110010000000001
0000000011101000000000001100000000000001
0000000111010111111111110100000000000001
0000000011101000000000001110010000000001
0000000011101000000000001100000000000001
0000001000001111111111110010001000000001
0000001110110000000000001110001000000001
0000000000110010100111110010000000000001
0000000111001000000000001110001000000001
0000001000100010101001010010000000000001
0000000111001010101001000010001000000001
0000001000101000000000001110001000000001
0000000000110010101000000010000000000001
0000001000011000000000001110001000000001
0000001000110010101000110010000000000001
0000001000011010101000010010001000000001
0000001000010010101000100010001000000001
0000001000111000000000001110001000000001
0000001000101001000010000010000000000001
0000001000111001000010000010001000000001
0000001001000000000000001110001000000001
0000000111000000000000001100000000000001
0000000000110111111111110010000000000001
0000001011111001000010000100000000000001
0000000011101000000000001110010000000001
0000000011101000000000001100000000000001
0000000111010111111111110100000000000001
0000000011101000000000001110010000000001
0000000011101000000000001100000000000001
0000001001000111111111110010001000000001
0000001111110000000000001110001000000001
0000000000111010100111110010000000000001
0000000111001000000000001110001000000001
0000001001011010101001010010000000000001
0000000111001010101001000010001000000001
0000001001100000000000001110001000000001
0000000000111010101000000010000000000001
0000001001010000000000001110001000000001
0000001001101010101000110010000000000001
0000001001010010101000010010001000000001
0000001001001010101000100010001000000001
0000001001110000000000001110001000000001
0000001001100001000010000010000000000001
0000001001110001000010000010001000000001
0000001001111000000000001110001000000001
0000000111000000000000001100000000000001
0000000000111111111111110010000000000001
0000001011111001000010000100000000000001
0000000011101000000000001110010000000001
0000000011101000000000001100000000000001
0000000111010111111111110100000000000001
0000000011101000000000001110010000000001
0000000011101000000000001100000000000001
0000001001111111111111110010001000000001
0000010000110000000000001110001000000001
0000000001000010100111110010000000000001
0000000111001000000000001110001000000001
0000001010010010101001010010000000000001
0000000111001010101001000010001000000001
0000001010011000000000001110001000000001
0000000001000010101000000010000000000001
0000001010001000000000001110001000000001
0000001010100010101000110010000000000001
0000001010001010101000010010001000000001
0000001010000010101000100010001000000001
0000001010101000000000001110001000000001
0000001010011001000010000010000000000001
0000001010101001000010000010001000000001
0000001010110000000000001110001000000001
0000000111000000000000001100000000000001
0000000001000111111111110010000000000001
0000001011111001000010000100000000000001
0000000011101000000000001110010000000001
0000000011101000000000001100000000000001
0000000111010111111111110100000000000001
0000000011101000000000001110010000000001
0000000011101000000000001100000000000001
0000001010110111111111110010001000000001
0000010001110000000000001110001000000001
0000000001001010100111110010000000000001
0000000111001000000000001110001000000001
0000001011001010101001010010000000000001
0000000111001010101001000010001000000001
0000001011010000000000001110001000000001
0000000001001010101000000010000000000001
0000001011000000000000001110001000000001
0000001011011010101000110010000000000001
0000001011000010101000010010001000000001
0000001010111010101000100010001000000001
0000001011100000000000001110001000000001
0000001011010001000010000010000000000001
0000001011100001000010000010001000000001
0000001011101000000000001110001000000001
0000000111000000000000001100000000000001
0000000001001111111111110010000000000001
0000001011111001000010000100000000000001
0000000011101000000000001110010000000001
0000000011101000000000001100000000000001
0000000111010111111111110100000000000001
0000000011101000000000001110010000000001
0000000011101000000000001100000000000001
0000001011101111111111110010001000000001
0000010010110000000000001110001000000001
0000000000010001000010000010000000000001
0000001100110000000000001110001000000001
1111111111101001000010000010000000000001
0000001110001000000000001110001000000001
0000001100101001000010000010000000000001
0000001100110001000010000010001001001001
1111111111110001000010000010000000100110
0000001110001000000000001110001000000001
0000001101001001000010000010000000000001
1111111111110011001111110010001001001001
0000001100101001000010000010000000000001
0000001101101001000010000010000000100101
0000001101110000000000001110001000000001
0000001101011001000010000010000000000001
1111111111110011001111110010001001001001
0000001100101001000010000010000000000001
0000001101111001000010000010000000100101
0000001110000000000000001110001000000001
0000001110010001000010000010000000000001
0000000000000000000000000000000000000001
0000000011101000000000001111000000000001
0000000011101001000010000010000000000001
1111111111110011001111110010001001001001
0000001110001001000010000010000000000001
1111111111101001000010000010000000100101
0000001110001000000000001110001000000001
0000001100101001000010000010000000000001
0000001100110000000000001110001000100101
0000001101110010101001110010000000000001
0000001110100000000000001110001000000001
0000001110100000000000001100000000000001
0000001110110001000010000010000000000001
0000001111010000000000001110001000000001
0000010111101010101010110010000100000001
0000010111100010101011000010001100000001
0000001111100010101010110011010100000001
0000001111011010101011000010001100000001
0000001111010010101010000010001100000001
0000001111001010101010010010001100000001
0000001111000010101010100010001100000001
0000000000000000000000000000000000000001
0000001111101000000000001110001000000001
0000010111110000000000001111001000000001
0000001111110001000010000010000000000001
0000010000010000000000001110001000000001
0000011000000010101010110010000100000001
0000010111111010101011000010001100000001
0000010000100010101010110011010100000001
0000010000011010101011000010001100000001
0000010000010010101010000010001100000001
0000010000001010101010010010001100000001
0000010000000010101010100010001100000001
0000000000000000000000000000000000000001
0000010000101000000000001110001000000001
0000011000001000000000001111001000000001
0000010000110001000010000010000000000001
0000010001010000000000001110001000000001
0000011000011010101010110010000100000001
0000011000010010101011000010001100000001
0000010001100010101010110011010100000001
0000010001011010101011000010001100000001
0000010001010010101010000010001100000001
0000010001001010101010010010001100000001
0000010001000010101010100010001100000001
0000000000000000000000000000000000000001
0000010001101000000000001110001000000001
0000011000100000000000001111001000000001
0000010001110001000010000010000000000001
0000010010010000000000001110001000000001
0000011000110010101010110010000100000001
0000011000101010101011000010001100000001
0000010010100010101010110011010100000001
0000010010011010101011000010001100000001
0000010010010010101010000010001100000001
0000010010001010101010010010001100000001
0000010010000010101010100010001100000001
0000000000000000000000000000000000000001
0000010010101000000000001110001000000001
0000011000111000000000001111001000000001
0000010010110001000010000010000000000001
0000010011010000000000001110001000000001
0000011001001010101010110010000100000001
0000011001000010101011000010001100000001
0000010011100010101010110011010100000001
0000010011011010101011000010001100000001
0000010011010010101010000010001100000001
0000010011001010101010010010001100000001
0000010011000010101010100010001100000001
0000000000000000000000000000000000000001
0000010011101000000000001110001000000001
0000011001010000000000001111001000000001
0000001110000010101001110010000000000001
0000001110101000000000001110001000000001
0000001110101000000000001100000000000001
0000001110110001000010000010000000000001
0000010100000000000000001110001000000001
0000011001100010101010110010000100000001
0000011001011010101011000010001100000001
0000010100010010101010110011010100000001
0000010100001010101011000010001100000001
0000010100000010101010000010001100000001
0000010011111010101010010010001100000001
0000010011110010101010100010001100000001
0000000000000000000000000000000000000001
0000010100011000000000001110001000000001
0000011001101000000000001111001000000001
0000001111110001000010000010000000000001
0000010100110000000000001110001000000001
0000011001111010101010110010000100000001
0000011001110010101011000010001100000001
0000010101000010101010110011010100000001
0000010100111010101011000010001100000001
0000010100110010101010000010001100000001
0000010100101010101010010010001100000001
0000010100100010101010100010001100000001
0000000000000000000000000000000000000001
0000010101001000000000001110001000000001
0000011010000000000000001111001000000001
0000010000110001000010000010000000000001
0000010101100000000000001110001000000001
0000011010010010101010110010000100000001
0000011010001010101011000010001100000001
0000010101110010101010110011010100000001
0000010101101010101011000010001100000001
0000010101100010101010000010001100000001
0000010101011010101010010010001100000001
0000010101010010101010100010001100000001
0000000000000000000000000000000000000001
0000010101111000000000001110001000000001
0000011010011000000000001111001000000001
0000010001110001000010000010000000000001
0000010110010000000000001110001000000001
0000011010101010101010110010000100000001
0000011010100010101011000010001100000001
0000010110100010101010110011010100000001
0000010110011010101011000010001100000001
0000010110010010101010000010001100000001
0000010110001010101010010010001100000001
0000010110000010101010100010001100000001
0000000000000000000000000000000000000001
0000010110101000000000001110001000000001
0000011010110000000000001111001000000001
0000010010110001000010000010000000000001
0000010111000000000000001110001000000001
0000011011000010101010110010000100000001
0000011010111010101011000010001100000001
0000010111010010101010110011010100000001
0000010111001010101011000010001100000001
0000010111000010101010000010001100000001
0000010110111010101010010010001100000001
0000010110110010101010100010001100000001
0000000000000000000000000000000000000001
0000010111011000000000001110001000000001
0000011011001000000000001111001000000001
0000001100111001000010000010000000000001
0000001101001001000010000010001001000001
0000001110011000000000001110001000000001
0000001101001001000010000010000000000001
0000001110011011001111100010001000000001
0000001101010000000000001110001000000001
1111111111110001000010000010000000000001
0000001101010001000010000010001001000001
0000001101100000000000001110001000000001
0000001101010000000000001100000000000001
0000001111101111111111110010000000000001
0000001101100000000000001100000000000001
0000010100011111111111110010001000000001
0000001110111000000000001110001000000001
0000001101010000000000001100000000000001
0000010000101111111111110010000000000001
0000001101100000000000001100000000000001
0000010101001111111111110010001000000001
0000001111111000000000001110001000000001
0000001101010000000000001100000000000001
0000010001101111111111110010000000000001
0000001101100000000000001100000000000001
0000010101111111111111110010001000000001
0000010000111000000000001110001000000001
0000001101010000000000001100000000000001
0000010010101111111111110010000000000001
0000001101100000000000001100000000000001
0000010110101111111111110010001000000001
0000010001111000000000001110001000000001
0000001101010000000000001100000000000001
0000010011101111111111110010000000000001
0000001101100000000000001100000000000001
0000010111011111111111110010001000000001
0000010010111000000000001110001000000001
0000001100111001000010000010000000000001
0000001110001001000010000010001001000001
0000000000000000000000000000000000000001
0000001101000000000000001111000000000001
0000000100000001000010000010000000000001
1111111101010000000000000000001000000001
0000000000001001000010000010000000000001
0000011011011000000000001110001000000001
1111111111101001000010000010000000000001
0000011100110000000000001110001000000001
0000011011010001000010000010000000000001
0000011011011001000010000010001001001001
1111111111110001000010000010000000100110
0000011100110000000000001110001000000001
0000011011110001000010000010000000000001
1111111111110011110110000010001001001001
0000011011010001000010000010000000000001
0000011100010001000010000010000000100101
0000011100011000000000001110001000000001
0000011100000001000010000010000000000001
1111111111110011110110000010001001001001
0000011011010001000010000010000000000001
0000011100100001000010000010000000100101
0000011100101000000000001110001000000001
0000011100111001000010000010000000000001
0000000000000000000000000000000000000001
0000000011101000000000001111000000000001
0000000011101001000010000010000000000001
1111111111110011110110000010001001001001
0000011100110001000010000010000000000001
1111111111101001000010000010000000100101
0000011100110000000000001110001000000001
0000011011010001000010000010000000000001
0000011011011000000000001110001000100101
0000011100011011010000000010000000000001
0000011101001000000000001110001000000001
0000011101001000000000001100000000000001
0000001110111001000010000010000000000001
0000011101110000000000001110001000000001
0000100101101011010001000010000100000001
0000100101100011010001010010001100000001
0000011110000011010001000011010100000001
0000011101111011010001010010001100000001
0000011101110011010000010010001100000001
0000011101101011010000100010001100000001
0000011101100011010000110010001100000001
0000000000000000000000000000000000000001
0000011110001000000000001110001000000001
0000100101110000000000001111001000000001
0000001111111001000010000010000000000001
0000011110101000000000001110001000000001
0000100110000011010001000010000100000001
0000100101111011010001010010001100000001
0000011110111011010001000011010100000001
0000011110110011010001010010001100000001
0000011110101011010000010010001100000001
0000011110100011010000100010001100000001
0000011110011011010000110010001100000001
0000000000000000000000000000000000000001
0000011111000000000000001110001000000001
0000100110001000000000001111001000000001
0000010000111001000010000010000000000001
0000011111100000000000001110001000000001
0000100110011011010001000010000100000001
0000100110010011010001010010001100000001
0000011111110011010001000011010100000001
0000011111101011010001010010001100000001
0000011111100011010000010010001100000001
0000011111011011010000100010001100000001
0000011111010011010000110010001100000001
0000000000000000000000000000000000000001
0000011111111000000000001110001000000001
0000100110100000000000001111001000000001
0000010001111001000010000010000000000001
0000100000011000000000001110001000000001
0000100110110011010001000010000100000001
0000100110101011010001010010001100000001
0000100000101011010001000011010100000001
0000100000100011010001010010001100000001
0000100000011011010000010010001100000001
0000100000010011010000100010001100000001
0000100000001011010000110010001100000001
0000000000000000000000000000000000000001
0000100000110000000000001110001000000001
0000100110111000000000001111001000000001
0000010010111001000010000010000000000001
0000100001010000000000001110001000000001
0000100111001011010001000010000100000001
0000100111000011010001010010001100000001
0000100001100011010001000011010100000001
0000100001011011010001010010001100000001
0000100001010011010000010010001100000001
0000100001001011010000100010001100000001
0000100001000011010000110010001100000001
0000000000000000000000000000000000000001
0000100001101000000000001110001000000001
0000100111010000000000001111001000000001
0000011100101011010000000010000000000001
0000011101010000000000001110001000000001
0000011101010000000000001100000000000001
0000001110111001000010000010000000000001
0000100010000000000000001110001000000001
0000100111100011010001000010000100000001
0000100111011011010001010010001100000001
0000100010010011010001000011010100000001
0000100010001011010001010010001100000001
0000100010000011010000010010001100000001
0000100001111011010000100010001100000001
0000100001110011010000110010001100000001
0000000000000000000000000000000000000001
0000100010011000000000001110001000000001
0000100111101000000000001111001000000001
0000001111111001000010000010000000000001
0000100010110000000000001110001000000001
0000100111111011010001000010000100000001
0000100111110011010001010010001100000001
0000100011000011010001000011010100000001
0000100010111011010001010010001100000001
0000100010110011010000010010001100000001
0000100010101011010000100010001100000001
0000100010100011010000110010001100000001
0000000000000000000000000000000000000001
0000100011001000000000001110001000000001
0000101000000000000000001111001000000001
0000010000111001000010000010000000000001
0000100011100000000000001110001000000001
0000101000010011010001000010000100000001
0000101000001011010001010010001100000001
0000100011110011010001000011010100000001
0000100011101011010001010010001100000001
0000100011100011010000010010001100000001
0000100011011011010000100010001100000001
0000100011010011010000110010001100000001
0000000000000000000000000000000000000001
0000100011111000000000001110001000000001
0000101000011000000000001111001000000001
0000010001111001000010000010000000000001
0000100100010000000000001110001000000001
0000101000101011010001000010000100000001
0000101000100011010001010010001100000001
0000100100100011010001000011010100000001
0000100100011011010001010010001100000001
0000100100010011010000010010001100000001
0000100100001011010000100010001100000001
0000100100000011010000110010001100000001
0000000000000000000000000000000000000001
0000100100101000000000001110001000000001
0000101000110000000000001111001000000001
0000010010111001000010000010000000000001
0000100101000000000000001110001000000001
0000101001000011010001000010000100000001
0000101000111011010001010010001100000001
0000100101010011010001000011010100000001
0000100101001011010001010010001100000001
0000100101000011010000010010001100000001
0000100100111011010000100010001100000001
0000100100110011010000110010001100000001
0000000000000000000000000000000000000001
0000100101011000000000001110001000000001
0000101001001000000000001111001000000001
0000011011100001000010000010000000000001
0000011011110001000010000010001001000001
0000011101000000000000001110001000000001
0000011011110001000010000010000000000001
0000011101000011110101110010001000000001
0000011011111000000000001110001000000001
1111111111110001000010000010000000000001
0000011011111001000010000010001001000001
0000011100001000000000001110001000000001
0000011011111000000000001100000000000001
0000011110001111111111110010000000000001
0000011100001000000000001100000000000001
0000100010011111111111110010001000000001
0000011101011000000000001110001000000001
0000011011111000000000001100000000000001
0000011111000111111111110010000000000001
0000011100001000000000001100000000000001
0000100011001111111111110010001000000001
0000011110010000000000001110001000000001
0000011011111000000000001100000000000001
0000011111111111111111110010000000000001
0000011100001000000000001100000000000001
0000100011111111111111110010001000000001
0000011111001000000000001110001000000001
0000011011111000000000001100000000000001
0000100000110111111111110010000000000001
0000011100001000000000001100000000000001
0000100100101111111111110010001000000001
0000100000000000000000001110001000000001
0000011011111000000000001100000000000001
0000100001101111111111110010000000000001
0000011100001000000000001100000000000001
0000100101011111111111110010001000000001
0000100000111000000000001110001000000001
0000011011100001000010000010000000000001
0000011100110001000010000010001001000001
0000000000000000000000000000000000000001
0000011011101000000000001111000000000001
0000000000000001000010000010000000000001
0000101001011000000000001110001000000001
1111111111101001000010000010000000000001
0000101010110000000000001110001000000001
0000101001010001000010000010000000000001
0000101001011001000010000010001001001001
1111111111110001000010000010000000100110
0000101010110000000000001110001000000001
0000101001110001000010000010000000000001
1111111111110100011100010010001001001001
0000101001010001000010000010000000000001
0000101010010001000010000010000000100101
0000101010011000000000001110001000000001
0000101010000001000010000010000000000001
1111111111110100011100010010001001001001
0000101001010001000010000010000000000001
0000101010100001000010000010000000100101
0000101010101000000000001110001000000001
0000101010111001000010000010000000000001
0000000000000000000000000000000000000001
0000000011101000000000001111000000000001
0000000011101001000010000010000000000001
1111111111110100011100010010001001001001
0000101010110001000010000010000000000001
1111111111101001000010000010000000100101
0000101010110000000000001110001000000001
0000101001010001000010000010000000000001
0000101001011000000000001110001000100101
0000101010011011110110010010000000000001
0000101011001000000000001110001000000001
0000101011001000000000001100000000000001
0000011101011001000010000010000000000001
0000101011110000000000001110001000000001
0000110011101011110111010010000100000001
0000110011100011110111100010001100000001
0000101100000011110111010011010100000001
0000101011111011110111100010001100000001
0000101011110011110110100010001100000001
0000101011101011110110110010001100000001
0000101011100011110111000010001100000001
0000000000000000000000000000000000000001
0000101100001000000000001110001000000001
0000110011110000000000001111001000000001
0000011110010001000010000010000000000001
0000101100101000000000001110001000000001
0000110100000011110111010010000100000001
0000110011111011110111100010001100000001
0000101100111011110111010011010100000001
0000101100110011110111100010001100000001
0000101100101011110110100010001100000001
0000101100100011110110110010001100000001
0000101100011011110111000010001100000001
0000000000000000000000000000000000000001
0000101101000000000000001110001000000001
0000110100001000000000001111001000000001
0000011111001001000010000010000000000001
0000101101100000000000001110001000000001
0000110100011011110111010010000100000001
0000110100010011110111100010001100000001
0000101101110011110111010011010100000001
0000101101101011110111100010001100000001
0000101101100011110110100010001100000001
0000101101011011110110110010001100000001
0000101101010011110111000010001100000001
0000000000000000000000000000000000000001
0000101101111000000000001110001000000001
0000110100100000000000001111001000000001
0000100000000001000010000010000000000001
0000101110011000000000001110001000000001
0000110100110011110111010010000100000001
0000110100101011110111100010001100000001
0000101110101011110111010011010100000001
0000101110100011110111100010001100000001
0000101110011011110110100010001100000001
0000101110010011110110110010001100000001
0000101110001011110111000010001100000001
0000000000000000000000000000000000000001
0000101110110000000000001110001000000001
0000110100111000000000001111001000000001
0000100000111001000010000010000000000001
0000101111010000000000001110001000000001
0000110101001011110111010010000100000001
0000110101000011110111100010001100000001
0000101111100011110111010011010100000001
0000101111011011110111100010001100000001
0000101111010011110110100010001100000001
0000101111001011110110110010001100000001
0000101111000011110111000010001100000001
0000000000000000000000000000000000000001
0000101111101000000000001110001000000001
0000110101010000000000001111001000000001
0000101010101011110110010010000000000001
0000101011010000000000001110001000000001
0000101011010000000000001100000000000001
0000011101011001000010000010000000000001
0000110000000000000000001110001000000001
0000110101100011110111010010000100000001
0000110101011011110111100010001100000001
0000110000010011110111010011010100000001
0000110000001011110111100010001100000001
0000110000000011110110100010001100000001
0000101111111011110110110010001100000001
0000101111110011110111000010001100000001
0000000000000000000000000000000000000001
0000110000011000000000001110001000000001
0000110101101000000000001111001000000001
0000011110010001000010000010000000000001
0000110000110000000000001110001000000001
0000110101111011110111010010000100000001
0000110101110011110111100010001100000001
0000110001000011110111010011010100000001
0000110000111011110111100010001100000001
0000110000110011110110100010001100000001
0000110000101011110110110010001100000001
0000110000100011110111000010001100000001
0000000000000000000000000000000000000001
0000110001001000000000001110001000000001
0000110110000000000000001111001000000001
0000011111001001000010000010000000000001
0000110001100000000000001110001000000001
0000110110010011110111010010000100000001
0000110110001011110111100010001100000001
0000110001110011110111010011010100000001
0000110001101011110111100010001100000001
0000110001100011110110100010001100000001
0000110001011011110110110010001100000001
0000110001010011110111000010001100000001
0000000000000000000000000000000000000001
0000110001111000000000001110001000000001
0000110110011000000000001111001000000001
0000100000000001000010000010000000000001
0000110010010000000000001110001000000001
0000110110101011110111010010000100000001
0000110110100011110111100010001100000001
0000110010100011110111010011010100000001
0000110010011011110111100010001100000001
0000110010010011110110100010001100000001
0000110010001011110110110010001100000001
0000110010000011110111000010001100000001
0000000000000000000000000000000000000001
0000110010101000000000001110001000000001
0000110110110000000000001111001000000001
0000100000111001000010000010000000000001
0000110011000000000000001110001000000001
0000110111000011110111010010000100000001
0000110110111011110111100010001100000001
0000110011010011110111010011010100000001
0000110011001011110111100010001100000001
0000110011000011110110100010001100000001
0000110010111011110110110010001100000001
0000110010110011110111000010001100000001
0000000000000000000000000000000000000001
0000110011011000000000001110001000000001
0000110111001000000000001111001000000001
0000101001100001000010000010000000000001
0000101001110001000010000010001001000001
0000101011000000000000001110001000000001
0000101001110001000010000010000000000001
0000101011000100011100000010001000000001
0000101001111000000000001110001000000001
1111111111110001000010000010000000000001
0000101001111001000010000010001001000001
0000101010001000000000001110001000000001
0000101001111000000000001100000000000001
0000101100001111111111110010000000000001
0000101010001000000000001100000000000001
0000110000011111111111110010001000000001
0000101011011000000000001110001000000001
0000101001111000000000001100000000000001
0000101101000111111111110010000000000001
0000101010001000000000001100000000000001
0000110001001111111111110010001000000001
0000101100010000000000001110001000000001
0000101001111000000000001100000000000001
0000101101111111111111110010000000000001
0000101010001000000000001100000000000001
0000110001111111111111110010001000000001
0000101101001000000000001110001000000001
0000101001111000000000001100000000000001
0000101110110111111111110010000000000001
0000101010001000000000001100000000000001
0000110010101111111111110010001000000001
0000101110000000000000001110001000000001
0000101001111000000000001100000000000001
0000101111101111111111110010000000000001
0000101010001000000000001100000000000001
0000110011011111111111110010001000000001
0000101110111000000000001110001000000001
0000101001100001000010000010000000000001
0000101010110001000010000010001001000001
0000000000000000000000000000000000000001
0000101001101000000000001111000000000001
0000101011011001000010000010000000000001
1111111100101000000000000000001000000001
0000101100010001000010000010000000000001
1111111100110000000000000000001000000001
0000101101001001000010000010000000000001
1111111100111000000000000000001000000001
0000101110000001000010000010000000000001
1111111101000000000000000000001000000001
0000101110111001000010000010000000000001
1111111101001000000000000000001000000001
0000000000000000000000000000000000000001
0000000000000000000000000000000000000001
0000000000000000000000000000000000000001
0000000000000000000000000000000000000001
0000000000000000000000000000000000000001
0000000000000000000000000000000000000001
0000000000000000000000000000000000000001
0000000000000000000000000000000000000001
0000000000000000000000000000000000000001
0000000000000000000000000000000000000001
0000000000000000000000000000000000000001
0000000000000000000000000000000000000001
0000000000000000000000000000000000000001
0000000000000000000000000000000000000001
0000000000000000000000000000000000000001
0000000000000000000000000000000000000001
0000000000000000000000000000000000000001
0000000000000000000000000000000000000001
0000000000000000000000000000000000000001
0000000000000000000000000000000000000001
0000000000000000000000000000000000000001
0000000000000000000000000000000000000001
0000000000000000000000000000000000000001
0000000000000000000000000000000000000001
0000000000000000000000000000000000000001
0000000000000000000000000000000000000001
0000000000000000000000000000000000000001
0000000000000000000000000000000000000001
0000000000000000000000000000000000000001
0000000000000000000000000000000000000001
0000000000000000000000000000000000000001
0000000000000000000000000000000000000001
0000000000000000000000000000000000000001
0000000000000000000000000000000000000001
0000000000000000000000000000000000000001
0000000000000000000000000000000000000001
0000000000000000000000000000000000000001
0000000000000000000000000000000000000001
0000000000000000000000000000000000000001
0000000000000000000000000000000000000001
0000000000000000000000000000000000000001
0000000000000000000000000000000000000001
0000000000000000000000000000000000000001
0000000000000000000000000000000000000001
0000000000000000000000000000000000000001
0000000000000000000000000000000000000001
0000000000000000000000000000000000000001
0000000000000000000000000000000000000001
0000000000000000000000000000000000000001
0000000000000000000000000000000000000001
0000000000000000000000000000000000000001
0000000000000000000000000000000000000001
0000000000000000000000000000000000000001
0000000000000000000000000000000000000001
0000000000000000000000000000000000000001
0000000000000000000000000000000000000001
0000000000000000000000000000000000000001
0000000000000000000000000000000000000001
0000000000000000000000000000000000000001
0000000000000000000000000000000000000001
0000000000000000000000000000000000000001
0000000000000000000000000000000000000001
0000000000000000000000000000000000000001
0000000000000000000000000000000000000001
0000000000000000000000000000000000000001
0000000000000000000000000000000000000001
0000000000000000000000000000000000000001
0000000000000000000000000000000000000001
0000000000000000000000000000000000000001
0000000000000000000000000000000000000001
0000000000000000000000000000000000000001
0000000000000000000000000000000000000001
0000000000000000000000000000000000000001
0000000000000000000000000000000000000001
0000000000000000000000000000000000000001
0000000000000000000000000000000000000001
0000000000000000000000000000000000000001
0000000000000000000000000000000000000001
0000000000000000000000000000000000000001
0000000000000000000000000000000000000001
0000000000000000000000000000000000000001
0000000000000000000000000000000000000001
0000000000000000000000000000000000000001
0000000000000000000000000000000000000001
0000000000000000000000000000000000000001
0000000000000000000000000000000000000001
0000000000000000000000000000000000000001
0000000000000000000000000000000000000001
0000000000000000000000000000000000000001
0000000000000000000000000000000000000001
0000000000000000000000000000000000000001
0000000000000000000000000000000000000001
0000000000000000000000000000000000000001
0000000000000000000000000000000000000001
0000000000000000000000000000000000000001
0000000000000000000000000000000000000001
0000000000000000000000000000000000000001
0000000000000000000000000000000000000001
0000000000000000000000000000000000000001
0000000000000000000000000000000000000001
0000000000000000000000000000000000000001
0000000000000000000000000000000000000001
0000000000000000000000000000000000000001
0000000000000000000000000000000000000001
0000000000000000000000000000000000000001
0000000000000000000000000000000000000001
0000000000000000000000000000000000000001
0000000000000000000000000000000000000001
0000000000000000000000000000000000000001
0000000000000000000000000000000000000001
0000000000000000000000000000000000000001
0000000000000000000000000000000000000001
0000000000000000000000000000000000000001
0000000000000000000000000000000000000001
0000000000000000000000000000000000000001
0000000000000000000000000000000000000001
0000000000000000000000000000000000000001
0000000000000000000000000000000000000001
0000000000000000000000000000000000000001
0000000000000000000000000000000000000001
0000000000000000000000000000000000000001
0000000000000000000000000000000000000001
0000000000000000000000000000000000000001
0000000000000000000000000000000000000001
0000000000000000000000000000000000000001
0000000000000000000000000000000000000001
0000000000000000000000000000000000000001
0000000000000000000000000000000000000001
0000000000000000000000000000000000000001
0000000000000000000000000000000000000001
0000000000000000000000000000000000000001
0000000000000000000000000000000000000001
0000000000000000000000000000000000000001
0000000000000000000000000000000000000001
0000000000000000000000000000000000000001
0000000000000000000000000000000000000001
0000000000000000000000000000000000000001
0000000000000000000000000000000000000001
0000000000000000000000000000000000000001
0000000000000000000000000000000000000001
0000000000000000000000000000000000000001
0000000000000000000000000000000000000001
0000000000000000000000000000000000000001
0000000000000000000000000000000000000001
0000000000000000000000000000000000000001
0000000000000000000000000000000000000001
0000000000000000000000000000000000000001
0000000000000000000000000000000000000001
0000000000000000000000000000000000000001
0000000000000000000000000000000000000001
0000000000000000000000000000000000000001
0000000000000000000000000000000000000001
0000000000000000000000000000000000000001
0000000000000000000000000000000000000001
0000000000000000000000000000000000000001
0000000000000000000000000000000000000001
0000000000000000000000000000000000000001
0000000000000000000000000000000000000001
0000000000000000000000000000000000000001
0000000000000000000000000000000000000001
0000000000000000000000000000000000000001
0000000000000000000000000000000000000001
0000000000000000000000000000000000000001
0000000000000000000000000000000000000001
0000000000000000000000000000000000000001
0000000000000000000000000000000000000001
0000000000000000000000000000000000000001
0000000000000000000000000000000000000001
0000000000000000000000000000000000000001
0000000000000000000000000000000000000001
0000000000000000000000000000000000000001
0000000000000000000000000000000000000001
0000000000000000000000000000000000000001
0000000000000000000000000000000000000001
0000000000000000000000000000000000000001
0000000000000000000000000000000000000001
0000000000000000000000000000000000000001
0000000000000000000000000000000000000001
0000000000000000000000000000000000000001
0000000000000000000000000000000000000001
0000000000000000000000000000000000000001
0000000000000000000000000000000000000001
0000000000000000000000000000000000000001
0000000000000000000000000000000000000001
0000000000000000000000000000000000000001
0000000000000000000000000000000000000001
0000000000000000000000000000000000000001
0000000000000000000000000000000000000001
0000000000000000000000000000000000000001
