1111111111110010000000000010000000000001
0000000000000000000000001110001000000001
1111111111110010000000010010000000000001
0000000000001000000000001110001000000001
1111111111110010000000100010000000000001
0000000000010000000000001110001000000001
1111111111110010000000110010000000000001
0000000000011000000000001110001000000001
0000000000000000000000000000000000000001
0000000000100000000000001110100000000001
0000000000000000000000000000000000000001
0000000000101000000000001110100000000001
0000000000000000000000000000000000000001
0000000000110000000000001110100000000001
0000000000000000000000000000000000000001
0000000000111000000000001110100000000001
0000000000000000000000000000000000000001
0000000001000000000000001110100000000001
0000000000000000000000000000000000000001
0000000001001000000000001110100000000001
0000000000000000000000000000000000000001
0000000001010000000000001110100000000001
0000000000000000000000000000000000000001
0000000001011000000000001110100000000001
1111111111110010000001000010000000000001
0000000001100000000000001110001000000001
1111111111110010000001010010000000000001
0000000001101000000000001110001000000001
0000000001100001000010000010000000000001
0000000001111000000000001110001000000001
1111111111101001000010000010000000000001
0000000011010000000000001110001000000001
0000000001110001000010000010000000000001
0000000001111001000010000010001001001001
1111111111110001000010000010000000100110
0000000011010000000000001110001000000001
0000000010010001000010000010000000000001
1111111111110010100111100010001001001001
0000000001110001000010000010000000000001
0000000010110001000010000010000000100101
0000000010111000000000001110001000000001
0000000010100001000010000010000000000001
1111111111110010100111100010001001001001
0000000001110001000010000010000000000001
0000000011000001000010000010000000100101
0000000011001000000000001110001000000001
0000000011011001000010000010000000000001
0000000000000000000000000000000000000001
0000000011101000000000001111000000000001
0000000011101001000010000010000000000001
1111111111110010100111100010001001001001
0000000011010001000010000010000000000001
1111111111101001000010000010000000100101
0000000011010000000000001110001000000001
0000000001110001000010000010000000000001
0000000001111000000000001110001000100101
0000000010111010000001100010000000000001
0000000011110000000000001110001000000001
0000000011110000000000001100000000000001
0000000001011001000010000010000000000001
0000000100011000000000001110001000000001
0000000101110010000010100010000100000001
0000000101101010000010110010001100000001
0000000100101010000010100011010100000001
0000000100100010000010110010001100000001
0000000100011010000001110010001100000001
0000000100010010000010000010001100000001
0000000100001010000010010010001100000001
0000000000000000000000000000000000000001
0000000100110000000000001110001000000001
0000000101111000000000001111001000000001
0000000011001010000001100010000000000001
0000000011111000000000001110001000000001
0000000011111000000000001100000000000001
0000000001011001000010000010000000000001
0000000101001000000000001110001000000001
0000000110001010000010100010000100000001
0000000110000010000010110010001100000001
0000000101011010000010100011010100000001
0000000101010010000010110010001100000001
0000000101001010000001110010001100000001
0000000101000010000010000010001100000001
0000000100111010000010010010001100000001
0000000000000000000000000000000000000001
0000000101100000000000001110001000000001
0000000110010000000000001111001000000001
0000000010000001000010000010000000000001
0000000010010001000010000010001001000001
0000000011100000000000001110001000000001
0000000010010001000010000010000000000001
0000000011100010100111010010001000000001
0000000010011000000000001110001000000001
1111111111110001000010000010000000000001
0000000010011001000010000010001001000001
0000000010101000000000001110001000000001
0000000010011000000000001100000000000001
0000000100110111111111110010000000000001
0000000010101000000000001100000000000001
0000000101100111111111110010001000000001
0000000100000000000000001110001000000001
0000000010000001000010000010000000000001
0000000011010001000010000010001001000001
0000000000000000000000000000000000000001
0000000010001000000000001111000000000001
0000000001101001000010000010000000000001
1111111011011000000000000000001000000001
1111111111110010100111110010000000000001
0000000111000001000010000010001001000001
0000000111100000000000001110001000000001
0000000111010001000010000010000000000001
0000000111000001000010000011010000000001
0000000111100010101000000010001000000001
0000000111001000000000001110001000000001
0000000111001000000000001100000000000001
0000000111011000000000001111001000000001
0000000000110111111111110010000000000001
0000000110011000000000001110001000000001
0000000000111111111111110010000000000001
0000000110100000000000001110001000000001
0000000001000111111111110010000000000001
0000000110101000000000001110001000000001
0000000001001111111111110010000000000001
0000000110110000000000001110001000000001
0000000001010111111111110010000000000001
0000000110111000000000001110001000000001
0000000000011001000010000010000000000001
0000000111110000000000001110001000000001
1111111111101001000010000010000000000001
0000001001001000000000001110001000000001
0000000111101001000010000010000000000001
0000000111110001000010000010001001001001
1111111111110001000010000010000000100110
0000001001001000000000001110001000000001
0000001000001001000010000010000000000001
1111111111110011001110010010001001001001
0000000111101001000010000010000000000001
0000001000101001000010000010000000100101
0000001000110000000000001110001000000001
0000001000011001000010000010000000000001
1111111111110011001110010010001001001001
0000000111101001000010000010000000000001
0000001000111001000010000010000000100101
0000001001000000000000001110001000000001
0000001001010001000010000010000000000001
0000000000000000000000000000000000000001
0000000011101000000000001111000000000001
0000000011101001000010000010000000000001
1111111111110011001110010010001001001001
0000001001001001000010000010000000000001
1111111111101001000010000010000000100101
0000001001001000000000001110001000000001
0000000111101001000010000010000000000001
0000000111110000000000001110001000100101
0000001000110010101000010010000000000001
0000001001100000000000001110001000000001
0000001001100000000000001100000000000001
0000000110011001000010000010000000000001
0000001010001000000000001110001000000001
0000010010000010101001010010000100000001
0000010001111010101001100010001100000001
0000001010011010101001010011010100000001
0000001010010010101001100010001100000001
0000001010001010101000100010001100000001
0000001010000010101000110010001100000001
0000001001111010101001000010001100000001
0000000000000000000000000000000000000001
0000001010100000000000001110001000000001
0000010010001000000000001111001000000001
0000000110100001000010000010000000000001
0000001011000000000000001110001000000001
0000010010011010101001010010000100000001
0000010010010010101001100010001100000001
0000001011010010101001010011010100000001
0000001011001010101001100010001100000001
0000001011000010101000100010001100000001
0000001010111010101000110010001100000001
0000001010110010101001000010001100000001
0000000000000000000000000000000000000001
0000001011011000000000001110001000000001
0000010010100000000000001111001000000001
0000000110101001000010000010000000000001
0000001011111000000000001110001000000001
0000010010110010101001010010000100000001
0000010010101010101001100010001100000001
0000001100001010101001010011010100000001
0000001100000010101001100010001100000001
0000001011111010101000100010001100000001
0000001011110010101000110010001100000001
0000001011101010101001000010001100000001
0000000000000000000000000000000000000001
0000001100010000000000001110001000000001
0000010010111000000000001111001000000001
0000000110110001000010000010000000000001
0000001100110000000000001110001000000001
0000010011001010101001010010000100000001
0000010011000010101001100010001100000001
0000001101000010101001010011010100000001
0000001100111010101001100010001100000001
0000001100110010101000100010001100000001
0000001100101010101000110010001100000001
0000001100100010101001000010001100000001
0000000000000000000000000000000000000001
0000001101001000000000001110001000000001
0000010011010000000000001111001000000001
0000000110111001000010000010000000000001
0000001101101000000000001110001000000001
0000010011100010101001010010000100000001
0000010011011010101001100010001100000001
0000001101111010101001010011010100000001
0000001101110010101001100010001100000001
0000001101101010101000100010001100000001
0000001101100010101000110010001100000001
0000001101011010101001000010001100000001
0000000000000000000000000000000000000001
0000001110000000000000001110001000000001
0000010011101000000000001111001000000001
0000001001000010101000010010000000000001
0000001001101000000000001110001000000001
0000001001101000000000001100000000000001
0000000110011001000010000010000000000001
0000001110011000000000001110001000000001
0000010011111010101001010010000100000001
0000010011110010101001100010001100000001
0000001110101010101001010011010100000001
0000001110100010101001100010001100000001
0000001110011010101000100010001100000001
0000001110010010101000110010001100000001
0000001110001010101001000010001100000001
0000000000000000000000000000000000000001
0000001110110000000000001110001000000001
0000010100000000000000001111001000000001
0000000110100001000010000010000000000001
0000001111001000000000001110001000000001
0000010100010010101001010010000100000001
0000010100001010101001100010001100000001
0000001111011010101001010011010100000001
0000001111010010101001100010001100000001
0000001111001010101000100010001100000001
0000001111000010101000110010001100000001
0000001110111010101001000010001100000001
0000000000000000000000000000000000000001
0000001111100000000000001110001000000001
0000010100011000000000001111001000000001
0000000110101001000010000010000000000001
0000001111111000000000001110001000000001
0000010100101010101001010010000100000001
0000010100100010101001100010001100000001
0000010000001010101001010011010100000001
0000010000000010101001100010001100000001
0000001111111010101000100010001100000001
0000001111110010101000110010001100000001
0000001111101010101001000010001100000001
0000000000000000000000000000000000000001
0000010000010000000000001110001000000001
0000010100110000000000001111001000000001
0000000110110001000010000010000000000001
0000010000101000000000001110001000000001
0000010101000010101001010010000100000001
0000010100111010101001100010001100000001
0000010000111010101001010011010100000001
0000010000110010101001100010001100000001
0000010000101010101000100010001100000001
0000010000100010101000110010001100000001
0000010000011010101001000010001100000001
0000000000000000000000000000000000000001
0000010001000000000000001110001000000001
0000010101001000000000001111001000000001
0000000110111001000010000010000000000001
0000010001011000000000001110001000000001
0000010101011010101001010010000100000001
0000010101010010101001100010001100000001
0000010001101010101001010011010100000001
0000010001100010101001100010001100000001
0000010001011010101000100010001100000001
0000010001010010101000110010001100000001
0000010001001010101001000010001100000001
0000000000000000000000000000000000000001
0000010001110000000000001110001000000001
0000010101100000000000001111001000000001
0000000111111001000010000010000000000001
0000001000001001000010000010001001000001
0000001001011000000000001110001000000001
0000001000001001000010000010000000000001
0000001001011011001110000010001000000001
0000001000010000000000001110001000000001
1111111111110001000010000010000000000001
0000001000010001000010000010001001000001
0000001000100000000000001110001000000001
0000001000010000000000001100000000000001
0000001010100111111111110010000000000001
0000001000100000000000001100000000000001
0000001110110111111111110010001000000001
0000001001110000000000001110001000000001
0000001000010000000000001100000000000001
0000001011011111111111110010000000000001
0000001000100000000000001100000000000001
0000001111100111111111110010001000000001
0000001010101000000000001110001000000001
0000001000010000000000001100000000000001
0000001100010111111111110010000000000001
0000001000100000000000001100000000000001
0000010000010111111111110010001000000001
0000001011100000000000001110001000000001
0000001000010000000000001100000000000001
0000001101001111111111110010000000000001
0000001000100000000000001100000000000001
0000010001000111111111110010001000000001
0000001100011000000000001110001000000001
0000001000010000000000001100000000000001
0000001110000111111111110010000000000001
0000001000100000000000001100000000000001
0000010001110111111111110010001000000001
0000001101010000000000001110001000000001
0000000111111001000010000010000000000001
0000001001001001000010000010001001000001
0000000000000000000000000000000000000001
0000001000000000000000001111000000000001
0000000100000001000010000010000000000001
1111111101010000000000000000001000000001
0000000000010001000010000010000000000001
0000010101110000000000001110001000000001
1111111111101001000010000010000000000001
0000010111001000000000001110001000000001
0000010101101001000010000010000000000001
0000010101110001000010000010001001001001
1111111111110001000010000010000000100110
0000010111001000000000001110001000000001
0000010110001001000010000010000000000001
1111111111110011110100100010001001001001
0000010101101001000010000010000000000001
0000010110101001000010000010000000100101
0000010110110000000000001110001000000001
0000010110011001000010000010000000000001
1111111111110011110100100010001001001001
0000010101101001000010000010000000000001
0000010110111001000010000010000000100101
0000010111000000000000001110001000000001
0000010111010001000010000010000000000001
0000000000000000000000000000000000000001
0000000011101000000000001111000000000001
0000000011101001000010000010000000000001
1111111111110011110100100010001001001001
0000010111001001000010000010000000000001
1111111111101001000010000010000000100101
0000010111001000000000001110001000000001
0000010101101001000010000010000000000001
0000010101110000000000001110001000100101
0000010110110011001110100010000000000001
0000010111100000000000001110001000000001
0000010111100000000000001100000000000001
0000001001110001000010000010000000000001
0000011000001000000000001110001000000001
0000100000000011001111100010000100000001
0000011111111011001111110010001100000001
0000011000011011001111100011010100000001
0000011000010011001111110010001100000001
0000011000001011001110110010001100000001
0000011000000011001111000010001100000001
0000010111111011001111010010001100000001
0000000000000000000000000000000000000001
0000011000100000000000001110001000000001
0000100000001000000000001111001000000001
0000001010101001000010000010000000000001
0000011001000000000000001110001000000001
0000100000011011001111100010000100000001
0000100000010011001111110010001100000001
0000011001010011001111100011010100000001
0000011001001011001111110010001100000001
0000011001000011001110110010001100000001
0000011000111011001111000010001100000001
0000011000110011001111010010001100000001
0000000000000000000000000000000000000001
0000011001011000000000001110001000000001
0000100000100000000000001111001000000001
0000001011100001000010000010000000000001
0000011001111000000000001110001000000001
0000100000110011001111100010000100000001
0000100000101011001111110010001100000001
0000011010001011001111100011010100000001
0000011010000011001111110010001100000001
0000011001111011001110110010001100000001
0000011001110011001111000010001100000001
0000011001101011001111010010001100000001
0000000000000000000000000000000000000001
0000011010010000000000001110001000000001
0000100000111000000000001111001000000001
0000001100011001000010000010000000000001
0000011010110000000000001110001000000001
0000100001001011001111100010000100000001
0000100001000011001111110010001100000001
0000011011000011001111100011010100000001
0000011010111011001111110010001100000001
0000011010110011001110110010001100000001
0000011010101011001111000010001100000001
0000011010100011001111010010001100000001
0000000000000000000000000000000000000001
0000011011001000000000001110001000000001
0000100001010000000000001111001000000001
0000001101010001000010000010000000000001
0000011011101000000000001110001000000001
0000100001100011001111100010000100000001
0000100001011011001111110010001100000001
0000011011111011001111100011010100000001
0000011011110011001111110010001100000001
0000011011101011001110110010001100000001
0000011011100011001111000010001100000001
0000011011011011001111010010001100000001
0000000000000000000000000000000000000001
0000011100000000000000001110001000000001
0000100001101000000000001111001000000001
0000010111000011001110100010000000000001
0000010111101000000000001110001000000001
0000010111101000000000001100000000000001
0000001001110001000010000010000000000001
0000011100011000000000001110001000000001
0000100001111011001111100010000100000001
0000100001110011001111110010001100000001
0000011100101011001111100011010100000001
0000011100100011001111110010001100000001
0000011100011011001110110010001100000001
0000011100010011001111000010001100000001
0000011100001011001111010010001100000001
0000000000000000000000000000000000000001
0000011100110000000000001110001000000001
0000100010000000000000001111001000000001
0000001010101001000010000010000000000001
0000011101001000000000001110001000000001
0000100010010011001111100010000100000001
0000100010001011001111110010001100000001
0000011101011011001111100011010100000001
0000011101010011001111110010001100000001
0000011101001011001110110010001100000001
0000011101000011001111000010001100000001
0000011100111011001111010010001100000001
0000000000000000000000000000000000000001
0000011101100000000000001110001000000001
0000100010011000000000001111001000000001
0000001011100001000010000010000000000001
0000011101111000000000001110001000000001
0000100010101011001111100010000100000001
0000100010100011001111110010001100000001
0000011110001011001111100011010100000001
0000011110000011001111110010001100000001
0000011101111011001110110010001100000001
0000011101110011001111000010001100000001
0000011101101011001111010010001100000001
0000000000000000000000000000000000000001
0000011110010000000000001110001000000001
0000100010110000000000001111001000000001
0000001100011001000010000010000000000001
0000011110101000000000001110001000000001
0000100011000011001111100010000100000001
0000100010111011001111110010001100000001
0000011110111011001111100011010100000001
0000011110110011001111110010001100000001
0000011110101011001110110010001100000001
0000011110100011001111000010001100000001
0000011110011011001111010010001100000001
0000000000000000000000000000000000000001
0000011111000000000000001110001000000001
0000100011001000000000001111001000000001
0000001101010001000010000010000000000001
0000011111011000000000001110001000000001
0000100011011011001111100010000100000001
0000100011010011001111110010001100000001
0000011111101011001111100011010100000001
0000011111100011001111110010001100000001
0000011111011011001110110010001100000001
0000011111010011001111000010001100000001
0000011111001011001111010010001100000001
0000000000000000000000000000000000000001
0000011111110000000000001110001000000001
0000100011100000000000001111001000000001
0000010101111001000010000010000000000001
0000010110001001000010000010001001000001
0000010111011000000000001110001000000001
0000010110001001000010000010000000000001
0000010111011011110100010010001000000001
0000010110010000000000001110001000000001
1111111111110001000010000010000000000001
0000010110010001000010000010001001000001
0000010110100000000000001110001000000001
0000010110010000000000001100000000000001
0000011000100111111111110010000000000001
0000010110100000000000001100000000000001
0000011100110111111111110010001000000001
0000010111110000000000001110001000000001
0000010110010000000000001100000000000001
0000011001011111111111110010000000000001
0000010110100000000000001100000000000001
0000011101100111111111110010001000000001
0000011000101000000000001110001000000001
0000010110010000000000001100000000000001
0000011010010111111111110010000000000001
0000010110100000000000001100000000000001
0000011110010111111111110010001000000001
0000011001100000000000001110001000000001
0000010110010000000000001100000000000001
0000011011001111111111110010000000000001
0000010110100000000000001100000000000001
0000011111000111111111110010001000000001
0000011010011000000000001110001000000001
0000010110010000000000001100000000000001
0000011100000111111111110010000000000001
0000010110100000000000001100000000000001
0000011111110111111111110010001000000001
0000011011010000000000001110001000000001
0000010101111001000010000010000000000001
0000010111001001000010000010001001000001
0000000000000000000000000000000000000001
0000010110000000000000001111000000000001
0000000000001001000010000010000000000001
0000100011110000000000001110001000000001
1111111111101001000010000010000000000001
0000100101001000000000001110001000000001
0000100011101001000010000010000000000001
0000100011110001000010000010001001001001
1111111111110001000010000010000000100110
0000100101001000000000001110001000000001
0000100100001001000010000010000000000001
1111111111110100011010110010001001001001
0000100011101001000010000010000000000001
0000100100101001000010000010000000100101
0000100100110000000000001110001000000001
0000100100011001000010000010000000000001
1111111111110100011010110010001001001001
0000100011101001000010000010000000000001
0000100100111001000010000010000000100101
0000100101000000000000001110001000000001
0000100101010001000010000010000000000001
0000000000000000000000000000000000000001
0000000011101000000000001111000000000001
0000000011101001000010000010000000000001
1111111111110100011010110010001001001001
0000100101001001000010000010000000000001
1111111111101001000010000010000000100101
0000100101001000000000001110001000000001
0000100011101001000010000010000000000001
0000100011110000000000001110001000100101
0000100100110011110100110010000000000001
0000100101100000000000001110001000000001
0000100101100000000000001100000000000001
0000010111110001000010000010000000000001
0000100110001000000000001110001000000001
0000101110000011110101110010000100000001
0000101101111011110110000010001100000001
0000100110011011110101110011010100000001
0000100110010011110110000010001100000001
0000100110001011110101000010001100000001
0000100110000011110101010010001100000001
0000100101111011110101100010001100000001
0000000000000000000000000000000000000001
0000100110100000000000001110001000000001
0000101110001000000000001111001000000001
0000011000101001000010000010000000000001
0000100111000000000000001110001000000001
0000101110011011110101110010000100000001
0000101110010011110110000010001100000001
0000100111010011110101110011010100000001
0000100111001011110110000010001100000001
0000100111000011110101000010001100000001
0000100110111011110101010010001100000001
0000100110110011110101100010001100000001
0000000000000000000000000000000000000001
0000100111011000000000001110001000000001
0000101110100000000000001111001000000001
0000011001100001000010000010000000000001
0000100111111000000000001110001000000001
0000101110110011110101110010000100000001
0000101110101011110110000010001100000001
0000101000001011110101110011010100000001
0000101000000011110110000010001100000001
0000100111111011110101000010001100000001
0000100111110011110101010010001100000001
0000100111101011110101100010001100000001
0000000000000000000000000000000000000001
0000101000010000000000001110001000000001
0000101110111000000000001111001000000001
0000011010011001000010000010000000000001
0000101000110000000000001110001000000001
0000101111001011110101110010000100000001
0000101111000011110110000010001100000001
0000101001000011110101110011010100000001
0000101000111011110110000010001100000001
0000101000110011110101000010001100000001
0000101000101011110101010010001100000001
0000101000100011110101100010001100000001
0000000000000000000000000000000000000001
0000101001001000000000001110001000000001
0000101111010000000000001111001000000001
0000011011010001000010000010000000000001
0000101001101000000000001110001000000001
0000101111100011110101110010000100000001
0000101111011011110110000010001100000001
0000101001111011110101110011010100000001
0000101001110011110110000010001100000001
0000101001101011110101000010001100000001
0000101001100011110101010010001100000001
0000101001011011110101100010001100000001
0000000000000000000000000000000000000001
0000101010000000000000001110001000000001
0000101111101000000000001111001000000001
0000100101000011110100110010000000000001
0000100101101000000000001110001000000001
0000100101101000000000001100000000000001
0000010111110001000010000010000000000001
0000101010011000000000001110001000000001
0000101111111011110101110010000100000001
0000101111110011110110000010001100000001
0000101010101011110101110011010100000001
0000101010100011110110000010001100000001
0000101010011011110101000010001100000001
0000101010010011110101010010001100000001
0000101010001011110101100010001100000001
0000000000000000000000000000000000000001
0000101010110000000000001110001000000001
0000110000000000000000001111001000000001
0000011000101001000010000010000000000001
0000101011001000000000001110001000000001
0000110000010011110101110010000100000001
0000110000001011110110000010001100000001
0000101011011011110101110011010100000001
0000101011010011110110000010001100000001
0000101011001011110101000010001100000001
0000101011000011110101010010001100000001
0000101010111011110101100010001100000001
0000000000000000000000000000000000000001
0000101011100000000000001110001000000001
0000110000011000000000001111001000000001
0000011001100001000010000010000000000001
0000101011111000000000001110001000000001
0000110000101011110101110010000100000001
0000110000100011110110000010001100000001
0000101100001011110101110011010100000001
0000101100000011110110000010001100000001
0000101011111011110101000010001100000001
0000101011110011110101010010001100000001
0000101011101011110101100010001100000001
0000000000000000000000000000000000000001
0000101100010000000000001110001000000001
0000110000110000000000001111001000000001
0000011010011001000010000010000000000001
0000101100101000000000001110001000000001
0000110001000011110101110010000100000001
0000110000111011110110000010001100000001
0000101100111011110101110011010100000001
0000101100110011110110000010001100000001
0000101100101011110101000010001100000001
0000101100100011110101010010001100000001
0000101100011011110101100010001100000001
0000000000000000000000000000000000000001
0000101101000000000000001110001000000001
0000110001001000000000001111001000000001
0000011011010001000010000010000000000001
0000101101011000000000001110001000000001
0000110001011011110101110010000100000001
0000110001010011110110000010001100000001
0000101101101011110101110011010100000001
0000101101100011110110000010001100000001
0000101101011011110101000010001100000001
0000101101010011110101010010001100000001
0000101101001011110101100010001100000001
0000000000000000000000000000000000000001
0000101101110000000000001110001000000001
0000110001100000000000001111001000000001
0000100011111001000010000010000000000001
0000100100001001000010000010001001000001
0000100101011000000000001110001000000001
0000100100001001000010000010000000000001
0000100101011100011010100010001000000001
0000100100010000000000001110001000000001
1111111111110001000010000010000000000001
0000100100010001000010000010001001000001
0000100100100000000000001110001000000001
0000100100010000000000001100000000000001
0000100110100111111111110010000000000001
0000100100100000000000001100000000000001
0000101010110111111111110010001000000001
0000100101110000000000001110001000000001
0000100100010000000000001100000000000001
0000100111011111111111110010000000000001
0000100100100000000000001100000000000001
0000101011100111111111110010001000000001
0000100110101000000000001110001000000001
0000100100010000000000001100000000000001
0000101000010111111111110010000000000001
0000100100100000000000001100000000000001
0000101100010111111111110010001000000001
0000100111100000000000001110001000000001
0000100100010000000000001100000000000001
0000101001001111111111110010000000000001
0000100100100000000000001100000000000001
0000101101000111111111110010001000000001
0000101000011000000000001110001000000001
0000100100010000000000001100000000000001
0000101010000111111111110010000000000001
0000100100100000000000001100000000000001
0000101101110111111111110010001000000001
0000101001010000000000001110001000000001
0000100011111001000010000010000000000001
0000100101001001000010000010001001000001
0000000000000000000000000000000000000001
0000100100000000000000001111000000000001
0000000000000001000010000010000000000001
0000110001110000000000001110001000000001
1111111111101001000010000010000000000001
0000110011001000000000001110001000000001
0000110001101001000010000010000000000001
0000110001110001000010000010001001001001
1111111111110001000010000010000000100110
0000110011001000000000001110001000000001
0000110010001001000010000010000000000001
1111111111110101000001000010001001001001
0000110001101001000010000010000000000001
0000110010101001000010000010000000100101
0000110010110000000000001110001000000001
0000110010011001000010000010000000000001
1111111111110101000001000010001001001001
0000110001101001000010000010000000000001
0000110010111001000010000010000000100101
0000110011000000000000001110001000000001
0000110011010001000010000010000000000001
0000000000000000000000000000000000000001
0000000011101000000000001111000000000001
0000000011101001000010000010000000000001
1111111111110101000001000010001001001001
0000110011001001000010000010000000000001
1111111111101001000010000010000000100101
0000110011001000000000001110001000000001
0000110001101001000010000010000000000001
0000110001110000000000001110001000100101
0000110010110100011011000010000000000001
0000110011100000000000001110001000000001
0000110011100000000000001100000000000001
0000100101110001000010000010000000000001
0000110100001000000000001110001000000001
0000111100000100011100000010000100000001
0000111011111100011100010010001100000001
0000110100011100011100000011010100000001
0000110100010100011100010010001100000001
0000110100001100011011010010001100000001
0000110100000100011011100010001100000001
0000110011111100011011110010001100000001
0000000000000000000000000000000000000001
0000110100100000000000001110001000000001
0000111100001000000000001111001000000001
0000100110101001000010000010000000000001
0000110101000000000000001110001000000001
0000111100011100011100000010000100000001
0000111100010100011100010010001100000001
0000110101010100011100000011010100000001
0000110101001100011100010010001100000001
0000110101000100011011010010001100000001
0000110100111100011011100010001100000001
0000110100110100011011110010001100000001
0000000000000000000000000000000000000001
0000110101011000000000001110001000000001
0000111100100000000000001111001000000001
0000100111100001000010000010000000000001
0000110101111000000000001110001000000001
0000111100110100011100000010000100000001
0000111100101100011100010010001100000001
0000110110001100011100000011010100000001
0000110110000100011100010010001100000001
0000110101111100011011010010001100000001
0000110101110100011011100010001100000001
0000110101101100011011110010001100000001
0000000000000000000000000000000000000001
0000110110010000000000001110001000000001
0000111100111000000000001111001000000001
0000101000011001000010000010000000000001
0000110110110000000000001110001000000001
0000111101001100011100000010000100000001
0000111101000100011100010010001100000001
0000110111000100011100000011010100000001
0000110110111100011100010010001100000001
0000110110110100011011010010001100000001
0000110110101100011011100010001100000001
0000110110100100011011110010001100000001
0000000000000000000000000000000000000001
0000110111001000000000001110001000000001
0000111101010000000000001111001000000001
0000101001010001000010000010000000000001
0000110111101000000000001110001000000001
0000111101100100011100000010000100000001
0000111101011100011100010010001100000001
0000110111111100011100000011010100000001
0000110111110100011100010010001100000001
0000110111101100011011010010001100000001
0000110111100100011011100010001100000001
0000110111011100011011110010001100000001
0000000000000000000000000000000000000001
0000111000000000000000001110001000000001
0000111101101000000000001111001000000001
0000110011000100011011000010000000000001
0000110011101000000000001110001000000001
0000110011101000000000001100000000000001
0000100101110001000010000010000000000001
0000111000011000000000001110001000000001
0000111101111100011100000010000100000001
0000111101110100011100010010001100000001
0000111000101100011100000011010100000001
0000111000100100011100010010001100000001
0000111000011100011011010010001100000001
0000111000010100011011100010001100000001
0000111000001100011011110010001100000001
0000000000000000000000000000000000000001
0000111000110000000000001110001000000001
0000111110000000000000001111001000000001
0000100110101001000010000010000000000001
0000111001001000000000001110001000000001
0000111110010100011100000010000100000001
0000111110001100011100010010001100000001
0000111001011100011100000011010100000001
0000111001010100011100010010001100000001
0000111001001100011011010010001100000001
0000111001000100011011100010001100000001
0000111000111100011011110010001100000001
0000000000000000000000000000000000000001
0000111001100000000000001110001000000001
0000111110011000000000001111001000000001
0000100111100001000010000010000000000001
0000111001111000000000001110001000000001
0000111110101100011100000010000100000001
0000111110100100011100010010001100000001
0000111010001100011100000011010100000001
0000111010000100011100010010001100000001
0000111001111100011011010010001100000001
0000111001110100011011100010001100000001
0000111001101100011011110010001100000001
0000000000000000000000000000000000000001
0000111010010000000000001110001000000001
0000111110110000000000001111001000000001
0000101000011001000010000010000000000001
0000111010101000000000001110001000000001
0000111111000100011100000010000100000001
0000111110111100011100010010001100000001
0000111010111100011100000011010100000001
0000111010110100011100010010001100000001
0000111010101100011011010010001100000001
0000111010100100011011100010001100000001
0000111010011100011011110010001100000001
0000000000000000000000000000000000000001
0000111011000000000000001110001000000001
0000111111001000000000001111001000000001
0000101001010001000010000010000000000001
0000111011011000000000001110001000000001
0000111111011100011100000010000100000001
0000111111010100011100010010001100000001
0000111011101100011100000011010100000001
0000111011100100011100010010001100000001
0000111011011100011011010010001100000001
0000111011010100011011100010001100000001
0000111011001100011011110010001100000001
0000000000000000000000000000000000000001
0000111011110000000000001110001000000001
0000111111100000000000001111001000000001
0000110001111001000010000010000000000001
0000110010001001000010000010001001000001
0000110011011000000000001110001000000001
0000110010001001000010000010000000000001
0000110011011101000000110010001000000001
0000110010010000000000001110001000000001
1111111111110001000010000010000000000001
0000110010010001000010000010001001000001
0000110010100000000000001110001000000001
0000110010010000000000001100000000000001
0000110100100111111111110010000000000001
0000110010100000000000001100000000000001
0000111000110111111111110010001000000001
0000110011110000000000001110001000000001
0000110010010000000000001100000000000001
0000110101011111111111110010000000000001
0000110010100000000000001100000000000001
0000111001100111111111110010001000000001
0000110100101000000000001110001000000001
0000110010010000000000001100000000000001
0000110110010111111111110010000000000001
0000110010100000000000001100000000000001
0000111010010111111111110010001000000001
0000110101100000000000001110001000000001
0000110010010000000000001100000000000001
0000110111001111111111110010000000000001
0000110010100000000000001100000000000001
0000111011000111111111110010001000000001
0000110110011000000000001110001000000001
0000110010010000000000001100000000000001
0000111000000111111111110010000000000001
0000110010100000000000001100000000000001
0000111011110111111111110010001000000001
0000110111010000000000001110001000000001
0000110001111001000010000010000000000001
0000110011001001000010000010001001000001
0000000000000000000000000000000000000001
0000110010000000000000001111000000000001
0000110011110001000010000010000000000001
1111111100101000000000000000001000000001
0000110100101001000010000010000000000001
1111111100110000000000000000001000000001
0000110101100001000010000010000000000001
1111111100111000000000000000001000000001
0000110110011001000010000010000000000001
1111111101000000000000000000001000000001
0000110111010001000010000010000000000001
1111111101001000000000000000001000000001
0000000000000000000000000000000000000001
0000000000000000000000000000000000000001
0000000000000000000000000000000000000001
0000000000000000000000000000000000000001
0000000000000000000000000000000000000001
0000000000000000000000000000000000000001
0000000000000000000000000000000000000001
0000000000000000000000000000000000000001
0000000000000000000000000000000000000001
0000000000000000000000000000000000000001
0000000000000000000000000000000000000001
0000000000000000000000000000000000000001
0000000000000000000000000000000000000001
0000000000000000000000000000000000000001
0000000000000000000000000000000000000001
0000000000000000000000000000000000000001
0000000000000000000000000000000000000001
0000000000000000000000000000000000000001
0000000000000000000000000000000000000001
0000000000000000000000000000000000000001
0000000000000000000000000000000000000001
0000000000000000000000000000000000000001
0000000000000000000000000000000000000001
0000000000000000000000000000000000000001
0000000000000000000000000000000000000001
0000000000000000000000000000000000000001
0000000000000000000000000000000000000001
0000000000000000000000000000000000000001
0000000000000000000000000000000000000001
0000000000000000000000000000000000000001
0000000000000000000000000000000000000001
0000000000000000000000000000000000000001
0000000000000000000000000000000000000001
0000000000000000000000000000000000000001
0000000000000000000000000000000000000001
0000000000000000000000000000000000000001
0000000000000000000000000000000000000001
0000000000000000000000000000000000000001
0000000000000000000000000000000000000001
0000000000000000000000000000000000000001
0000000000000000000000000000000000000001
0000000000000000000000000000000000000001
0000000000000000000000000000000000000001
0000000000000000000000000000000000000001
0000000000000000000000000000000000000001
0000000000000000000000000000000000000001
0000000000000000000000000000000000000001
0000000000000000000000000000000000000001
0000000000000000000000000000000000000001
0000000000000000000000000000000000000001
0000000000000000000000000000000000000001
0000000000000000000000000000000000000001
0000000000000000000000000000000000000001
0000000000000000000000000000000000000001
0000000000000000000000000000000000000001
0000000000000000000000000000000000000001
0000000000000000000000000000000000000001
0000000000000000000000000000000000000001
0000000000000000000000000000000000000001
0000000000000000000000000000000000000001
0000000000000000000000000000000000000001
0000000000000000000000000000000000000001
0000000000000000000000000000000000000001
0000000000000000000000000000000000000001
0000000000000000000000000000000000000001
0000000000000000000000000000000000000001
0000000000000000000000000000000000000001
0000000000000000000000000000000000000001
0000000000000000000000000000000000000001
0000000000000000000000000000000000000001
0000000000000000000000000000000000000001
0000000000000000000000000000000000000001
0000000000000000000000000000000000000001
0000000000000000000000000000000000000001
0000000000000000000000000000000000000001
0000000000000000000000000000000000000001
0000000000000000000000000000000000000001
0000000000000000000000000000000000000001
0000000000000000000000000000000000000001
0000000000000000000000000000000000000001
0000000000000000000000000000000000000001
0000000000000000000000000000000000000001
0000000000000000000000000000000000000001
0000000000000000000000000000000000000001
0000000000000000000000000000000000000001
0000000000000000000000000000000000000001
0000000000000000000000000000000000000001
0000000000000000000000000000000000000001
0000000000000000000000000000000000000001
0000000000000000000000000000000000000001
0000000000000000000000000000000000000001
0000000000000000000000000000000000000001
0000000000000000000000000000000000000001
0000000000000000000000000000000000000001
0000000000000000000000000000000000000001
0000000000000000000000000000000000000001
0000000000000000000000000000000000000001
0000000000000000000000000000000000000001
0000000000000000000000000000000000000001
0000000000000000000000000000000000000001
0000000000000000000000000000000000000001
0000000000000000000000000000000000000001
0000000000000000000000000000000000000001
0000000000000000000000000000000000000001
0000000000000000000000000000000000000001
0000000000000000000000000000000000000001
0000000000000000000000000000000000000001
0000000000000000000000000000000000000001
0000000000000000000000000000000000000001
0000000000000000000000000000000000000001
0000000000000000000000000000000000000001
0000000000000000000000000000000000000001
0000000000000000000000000000000000000001
0000000000000000000000000000000000000001
0000000000000000000000000000000000000001
0000000000000000000000000000000000000001
0000000000000000000000000000000000000001
0000000000000000000000000000000000000001
0000000000000000000000000000000000000001
