1111111111110010000000000010000000000001
0000000000000000000000001110001000000001
1111111111110010000000010010000000000001
0000000000001000000000001110001000000001
1111111111110010000000100010000000000001
0000000000010000000000001110001000000001
0000000000000000000000000000000000000001
0000000000011000000000001110100000000001
0000000000000000000000000000000000000001
0000000000100000000000001110100000000001
0000000000000000000000000000000000000001
0000000000101000000000001110100000000001
0000000000000000000000000000000000000001
0000000000110000000000001110100000000001
0000000000000000000000000000000000000001
0000000000111000000000001110100000000001
0000000000000000000000000000000000000001
0000000001000000000000001110100000000001
0000000000000000000000000000000000000001
0000000001001000000000001110100000000001
0000000000000000000000000000000000000001
0000000001010000000000001110100000000001
1111111111110010000000110010000000000001
0000000001011000000000001110001000000001
1111111111110010000001000010000000000001
0000000001100000000000001110001000000001
1111111111110010000001010010000000000001
0000000001101000000000001110001000000001
0000000000010001000010000010000000000001
0000000001111000000000001110001000000001
1111111111101001000010000010000000000001
0000000011010000000000001110001000000001
0000000001110001000010000010000000000001
0000000001111001000010000010001001001001
1111111111110001000010000010000000100110
0000000011010000000000001110001000000001
0000000010010001000010000010000000000001
1111111111110010100111100010001001001001
0000000001110001000010000010000000000001
0000000010110001000010000010000000100101
0000000010111000000000001110001000000001
0000000010100001000010000010000000000001
1111111111110010100111100010001001001001
0000000001110001000010000010000000000001
0000000011000001000010000010000000100101
0000000011001000000000001110001000000001
0000000011011001000010000010000000000001
0000000000000000000000000000000000000001
0000000011101000000000001111000000000001
0000000011101001000010000010000000000001
1111111111110010100111100010001001001001
0000000011010001000010000010000000000001
1111111111101001000010000010000000100101
0000000011010000000000001110001000000001
0000000001110001000010000010000000000001
0000000001111000000000001110001000100101
0000000010111010000001100010000000000001
0000000011110000000000001110001000000001
0000000011110000000000001100000000000001
0000000000101001000010000010000000000001
0000000100011000000000001110001000000001
0000001100010010000010100010000100000001
0000001100001010000010110010001100000001
0000000100101010000010100011010100000001
0000000100100010000010110010001100000001
0000000100011010000001110010001100000001
0000000100010010000010000010001100000001
0000000100001010000010010010001100000001
0000000000000000000000000000000000000001
0000000100110000000000001110001000000001
0000001100011000000000001111001000000001
0000000000110001000010000010000000000001
0000000101010000000000001110001000000001
0000001100101010000010100010000100000001
0000001100100010000010110010001100000001
0000000101100010000010100011010100000001
0000000101011010000010110010001100000001
0000000101010010000001110010001100000001
0000000101001010000010000010001100000001
0000000101000010000010010010001100000001
0000000000000000000000000000000000000001
0000000101101000000000001110001000000001
0000001100110000000000001111001000000001
0000000000111001000010000010000000000001
0000000110001000000000001110001000000001
0000001101000010000010100010000100000001
0000001100111010000010110010001100000001
0000000110011010000010100011010100000001
0000000110010010000010110010001100000001
0000000110001010000001110010001100000001
0000000110000010000010000010001100000001
0000000101111010000010010010001100000001
0000000000000000000000000000000000000001
0000000110100000000000001110001000000001
0000001101001000000000001111001000000001
0000000001000001000010000010000000000001
0000000111000000000000001110001000000001
0000001101011010000010100010000100000001
0000001101010010000010110010001100000001
0000000111010010000010100011010100000001
0000000111001010000010110010001100000001
0000000111000010000001110010001100000001
0000000110111010000010000010001100000001
0000000110110010000010010010001100000001
0000000000000000000000000000000000000001
0000000111011000000000001110001000000001
0000001101100000000000001111001000000001
0000000001001001000010000010000000000001
0000000111111000000000001110001000000001
0000001101110010000010100010000100000001
0000001101101010000010110010001100000001
0000001000001010000010100011010100000001
0000001000000010000010110010001100000001
0000000111111010000001110010001100000001
0000000111110010000010000010001100000001
0000000111101010000010010010001100000001
0000000000000000000000000000000000000001
0000001000010000000000001110001000000001
0000001101111000000000001111001000000001
0000000011001010000001100010000000000001
0000000011111000000000001110001000000001
0000000011111000000000001100000000000001
0000000000101001000010000010000000000001
0000001000101000000000001110001000000001
0000001110001010000010100010000100000001
0000001110000010000010110010001100000001
0000001000111010000010100011010100000001
0000001000110010000010110010001100000001
0000001000101010000001110010001100000001
0000001000100010000010000010001100000001
0000001000011010000010010010001100000001
0000000000000000000000000000000000000001
0000001001000000000000001110001000000001
0000001110010000000000001111001000000001
0000000000110001000010000010000000000001
0000001001011000000000001110001000000001
0000001110100010000010100010000100000001
0000001110011010000010110010001100000001
0000001001101010000010100011010100000001
0000001001100010000010110010001100000001
0000001001011010000001110010001100000001
0000001001010010000010000010001100000001
0000001001001010000010010010001100000001
0000000000000000000000000000000000000001
0000001001110000000000001110001000000001
0000001110101000000000001111001000000001
0000000000111001000010000010000000000001
0000001010001000000000001110001000000001
0000001110111010000010100010000100000001
0000001110110010000010110010001100000001
0000001010011010000010100011010100000001
0000001010010010000010110010001100000001
0000001010001010000001110010001100000001
0000001010000010000010000010001100000001
0000001001111010000010010010001100000001
0000000000000000000000000000000000000001
0000001010100000000000001110001000000001
0000001111000000000000001111001000000001
0000000001000001000010000010000000000001
0000001010111000000000001110001000000001
0000001111010010000010100010000100000001
0000001111001010000010110010001100000001
0000001011001010000010100011010100000001
0000001011000010000010110010001100000001
0000001010111010000001110010001100000001
0000001010110010000010000010001100000001
0000001010101010000010010010001100000001
0000000000000000000000000000000000000001
0000001011010000000000001110001000000001
0000001111011000000000001111001000000001
0000000001001001000010000010000000000001
0000001011101000000000001110001000000001
0000001111101010000010100010000100000001
0000001111100010000010110010001100000001
0000001011111010000010100011010100000001
0000001011110010000010110010001100000001
0000001011101010000001110010001100000001
0000001011100010000010000010001100000001
0000001011011010000010010010001100000001
0000000000000000000000000000000000000001
0000001100000000000000001110001000000001
0000001111110000000000001111001000000001
0000000010000001000010000010000000000001
0000000010010001000010000010001001000001
0000000011100000000000001110001000000001
0000000010010001000010000010000000000001
0000000011100010100111010010001000000001
0000000010011000000000001110001000000001
1111111111110001000010000010000000000001
0000000010011001000010000010001001000001
0000000010101000000000001110001000000001
0000000010011000000000001100000000000001
0000000100110111111111110010000000000001
0000000010101000000000001100000000000001
0000001001000111111111110010001000000001
0000000100000000000000001110001000000001
0000000010011000000000001100000000000001
0000000101101111111111110010000000000001
0000000010101000000000001100000000000001
0000001001110111111111110010001000000001
0000000100111000000000001110001000000001
0000000010011000000000001100000000000001
0000000110100111111111110010000000000001
0000000010101000000000001100000000000001
0000001010100111111111110010001000000001
0000000101110000000000001110001000000001
0000000010011000000000001100000000000001
0000000111011111111111110010000000000001
0000000010101000000000001100000000000001
0000001011010111111111110010001000000001
0000000110101000000000001110001000000001
0000000010011000000000001100000000000001
0000001000010111111111110010000000000001
0000000010101000000000001100000000000001
0000001100000111111111110010001000000001
0000000111100000000000001110001000000001
0000000010000001000010000010000000000001
0000000011010001000010000010001001000001
0000000000000000000000000000000000000001
0000000010001000000000001111000000000001
0000000001011001000010000010000000000001
1111111011011000000000000000001000000001
0000000001010001000010000010000000000001
1111111101010000000000000000001000000001
0000000000001001000010000010000000000001
0000010000000000000000001110001000000001
1111111111101001000010000010000000000001
0000010001011000000000001110001000000001
0000001111111001000010000010000000000001
0000010000000001000010000010001001001001
1111111111110001000010000010000000100110
0000010001011000000000001110001000000001
0000010000011001000010000010000000000001
1111111111110011001101110010001001001001
0000001111111001000010000010000000000001
0000010000111001000010000010000000100101
0000010001000000000000001110001000000001
0000010000101001000010000010000000000001
1111111111110011001101110010001001001001
0000001111111001000010000010000000000001
0000010001001001000010000010000000100101
0000010001010000000000001110001000000001
0000010001100001000010000010000000000001
0000000000000000000000000000000000000001
0000000011101000000000001111000000000001
0000000011101001000010000010000000000001
1111111111110011001101110010001001001001
0000010001011001000010000010000000000001
1111111111101001000010000010000000100101
0000010001011000000000001110001000000001
0000001111111001000010000010000000000001
0000010000000000000000001110001000100101
0000010001000010100111110010000000000001
0000010001110000000000001110001000000001
0000010001110000000000001100000000000001
0000000100000001000010000010000000000001
0000010010011000000000001110001000000001
0000011010010010101000110010000100000001
0000011010001010101001000010001100000001
0000010010101010101000110011010100000001
0000010010100010101001000010001100000001
0000010010011010101000000010001100000001
0000010010010010101000010010001100000001
0000010010001010101000100010001100000001
0000000000000000000000000000000000000001
0000010010110000000000001110001000000001
0000011010011000000000001111001000000001
0000000100111001000010000010000000000001
0000010011010000000000001110001000000001
0000011010101010101000110010000100000001
0000011010100010101001000010001100000001
0000010011100010101000110011010100000001
0000010011011010101001000010001100000001
0000010011010010101000000010001100000001
0000010011001010101000010010001100000001
0000010011000010101000100010001100000001
0000000000000000000000000000000000000001
0000010011101000000000001110001000000001
0000011010110000000000001111001000000001
0000000101110001000010000010000000000001
0000010100001000000000001110001000000001
0000011011000010101000110010000100000001
0000011010111010101001000010001100000001
0000010100011010101000110011010100000001
0000010100010010101001000010001100000001
0000010100001010101000000010001100000001
0000010100000010101000010010001100000001
0000010011111010101000100010001100000001
0000000000000000000000000000000000000001
0000010100100000000000001110001000000001
0000011011001000000000001111001000000001
0000000110101001000010000010000000000001
0000010101000000000000001110001000000001
0000011011011010101000110010000100000001
0000011011010010101001000010001100000001
0000010101010010101000110011010100000001
0000010101001010101001000010001100000001
0000010101000010101000000010001100000001
0000010100111010101000010010001100000001
0000010100110010101000100010001100000001
0000000000000000000000000000000000000001
0000010101011000000000001110001000000001
0000011011100000000000001111001000000001
0000000111100001000010000010000000000001
0000010101111000000000001110001000000001
0000011011110010101000110010000100000001
0000011011101010101001000010001100000001
0000010110001010101000110011010100000001
0000010110000010101001000010001100000001
0000010101111010101000000010001100000001
0000010101110010101000010010001100000001
0000010101101010101000100010001100000001
0000000000000000000000000000000000000001
0000010110010000000000001110001000000001
0000011011111000000000001111001000000001
0000010001010010100111110010000000000001
0000010001111000000000001110001000000001
0000010001111000000000001100000000000001
0000000100000001000010000010000000000001
0000010110101000000000001110001000000001
0000011100001010101000110010000100000001
0000011100000010101001000010001100000001
0000010110111010101000110011010100000001
0000010110110010101001000010001100000001
0000010110101010101000000010001100000001
0000010110100010101000010010001100000001
0000010110011010101000100010001100000001
0000000000000000000000000000000000000001
0000010111000000000000001110001000000001
0000011100010000000000001111001000000001
0000000100111001000010000010000000000001
0000010111011000000000001110001000000001
0000011100100010101000110010000100000001
0000011100011010101001000010001100000001
0000010111101010101000110011010100000001
0000010111100010101001000010001100000001
0000010111011010101000000010001100000001
0000010111010010101000010010001100000001
0000010111001010101000100010001100000001
0000000000000000000000000000000000000001
0000010111110000000000001110001000000001
0000011100101000000000001111001000000001
0000000101110001000010000010000000000001
0000011000001000000000001110001000000001
0000011100111010101000110010000100000001
0000011100110010101001000010001100000001
0000011000011010101000110011010100000001
0000011000010010101001000010001100000001
0000011000001010101000000010001100000001
0000011000000010101000010010001100000001
0000010111111010101000100010001100000001
0000000000000000000000000000000000000001
0000011000100000000000001110001000000001
0000011101000000000000001111001000000001
0000000110101001000010000010000000000001
0000011000111000000000001110001000000001
0000011101010010101000110010000100000001
0000011101001010101001000010001100000001
0000011001001010101000110011010100000001
0000011001000010101001000010001100000001
0000011000111010101000000010001100000001
0000011000110010101000010010001100000001
0000011000101010101000100010001100000001
0000000000000000000000000000000000000001
0000011001010000000000001110001000000001
0000011101011000000000001111001000000001
0000000111100001000010000010000000000001
0000011001101000000000001110001000000001
0000011101101010101000110010000100000001
0000011101100010101001000010001100000001
0000011001111010101000110011010100000001
0000011001110010101001000010001100000001
0000011001101010101000000010001100000001
0000011001100010101000010010001100000001
0000011001011010101000100010001100000001
0000000000000000000000000000000000000001
0000011010000000000000001110001000000001
0000011101110000000000001111001000000001
0000010000001001000010000010000000000001
0000010000011001000010000010001001000001
0000010001101000000000001110001000000001
0000010000011001000010000010000000000001
0000010001101011001101100010001000000001
0000010000100000000000001110001000000001
1111111111110001000010000010000000000001
0000010000100001000010000010001001000001
0000010000110000000000001110001000000001
0000010000100000000000001100000000000001
0000010010110111111111110010000000000001
0000010000110000000000001100000000000001
0000010111000111111111110010001000000001
0000010010000000000000001110001000000001
0000010000100000000000001100000000000001
0000010011101111111111110010000000000001
0000010000110000000000001100000000000001
0000010111110111111111110010001000000001
0000010010111000000000001110001000000001
0000010000100000000000001100000000000001
0000010100100111111111110010000000000001
0000010000110000000000001100000000000001
0000011000100111111111110010001000000001
0000010011110000000000001110001000000001
0000010000100000000000001100000000000001
0000010101011111111111110010000000000001
0000010000110000000000001100000000000001
0000011001010111111111110010001000000001
0000010100101000000000001110001000000001
0000010000100000000000001100000000000001
0000010110010111111111110010000000000001
0000010000110000000000001100000000000001
0000011010000111111111110010001000000001
0000010101100000000000001110001000000001
0000010000001001000010000010000000000001
0000010001011001000010000010001001000001
0000000000000000000000000000000000000001
0000010000010000000000001111000000000001
0000000000000001000010000010000000000001
0000011110000000000000001110001000000001
1111111111101001000010000010000000000001
0000011111011000000000001110001000000001
0000011101111001000010000010000000000001
0000011110000001000010000010001001001001
1111111111110001000010000010000000100110
0000011111011000000000001110001000000001
0000011110011001000010000010000000000001
1111111111110011110100000010001001001001
0000011101111001000010000010000000000001
0000011110111001000010000010000000100101
0000011111000000000000001110001000000001
0000011110101001000010000010000000000001
1111111111110011110100000010001001001001
0000011101111001000010000010000000000001
0000011111001001000010000010000000100101
0000011111010000000000001110001000000001
0000011111100001000010000010000000000001
0000000000000000000000000000000000000001
0000000011101000000000001111000000000001
0000000011101001000010000010000000000001
1111111111110011110100000010001001001001
0000011111011001000010000010000000000001
1111111111101001000010000010000000100101
0000011111011000000000001110001000000001
0000011101111001000010000010000000000001
0000011110000000000000001110001000100101
0000011111000011001110000010000000000001
0000011111110000000000001110001000000001
0000011111110000000000001100000000000001
0000010010000001000010000010000000000001
0000100000010000000000001110001000000001
0000100111101011001111000010000100000001
0000100111100011001111010010001100000001
0000100000100011001111000011010100000001
0000100000011011001111010010001100000001
0000100000010011001110010010001100000001
0000100000001011001110100010001100000001
0000100000000011001110110010001100000001
0000000000000000000000000000000000000001
0000100000101000000000001110001000000001
0000100111110000000000001111001000000001
0000010010111001000010000010000000000001
0000100001000000000000001110001000000001
0000101000000011001111000010000100000001
0000100111111011001111010010001100000001
0000100001010011001111000011010100000001
0000100001001011001111010010001100000001
0000100001000011001110010010001100000001
0000100000111011001110100010001100000001
0000100000110011001110110010001100000001
0000000000000000000000000000000000000001
0000100001011000000000001110001000000001
0000101000001000000000001111001000000001
0000010011110001000010000010000000000001
0000100001110000000000001110001000000001
0000101000011011001111000010000100000001
0000101000010011001111010010001100000001
0000100010000011001111000011010100000001
0000100001111011001111010010001100000001
0000100001110011001110010010001100000001
0000100001101011001110100010001100000001
0000100001100011001110110010001100000001
0000000000000000000000000000000000000001
0000100010001000000000001110001000000001
0000101000100000000000001111001000000001
0000010100101001000010000010000000000001
0000100010100000000000001110001000000001
0000101000110011001111000010000100000001
0000101000101011001111010010001100000001
0000100010110011001111000011010100000001
0000100010101011001111010010001100000001
0000100010100011001110010010001100000001
0000100010011011001110100010001100000001
0000100010010011001110110010001100000001
0000000000000000000000000000000000000001
0000100010111000000000001110001000000001
0000101000111000000000001111001000000001
0000010101100001000010000010000000000001
0000100011010000000000001110001000000001
0000101001001011001111000010000100000001
0000101001000011001111010010001100000001
0000100011100011001111000011010100000001
0000100011011011001111010010001100000001
0000100011010011001110010010001100000001
0000100011001011001110100010001100000001
0000100011000011001110110010001100000001
0000000000000000000000000000000000000001
0000100011101000000000001110001000000001
0000101001010000000000001111001000000001
0000011111010011001110000010000000000001
0000011111111000000000001110001000000001
0000011111111000000000001100000000000001
0000010010000001000010000010000000000001
0000100100000000000000001110001000000001
0000101001100011001111000010000100000001
0000101001011011001111010010001100000001
0000100100010011001111000011010100000001
0000100100001011001111010010001100000001
0000100100000011001110010010001100000001
0000100011111011001110100010001100000001
0000100011110011001110110010001100000001
0000000000000000000000000000000000000001
0000100100011000000000001110001000000001
0000101001101000000000001111001000000001
0000010010111001000010000010000000000001
0000100100110000000000001110001000000001
0000101001111011001111000010000100000001
0000101001110011001111010010001100000001
0000100101000011001111000011010100000001
0000100100111011001111010010001100000001
0000100100110011001110010010001100000001
0000100100101011001110100010001100000001
0000100100100011001110110010001100000001
0000000000000000000000000000000000000001
0000100101001000000000001110001000000001
0000101010000000000000001111001000000001
0000010011110001000010000010000000000001
0000100101100000000000001110001000000001
0000101010010011001111000010000100000001
0000101010001011001111010010001100000001
0000100101110011001111000011010100000001
0000100101101011001111010010001100000001
0000100101100011001110010010001100000001
0000100101011011001110100010001100000001
0000100101010011001110110010001100000001
0000000000000000000000000000000000000001
0000100101111000000000001110001000000001
0000101010011000000000001111001000000001
0000010100101001000010000010000000000001
0000100110010000000000001110001000000001
0000101010101011001111000010000100000001
0000101010100011001111010010001100000001
0000100110100011001111000011010100000001
0000100110011011001111010010001100000001
0000100110010011001110010010001100000001
0000100110001011001110100010001100000001
0000100110000011001110110010001100000001
0000000000000000000000000000000000000001
0000100110101000000000001110001000000001
0000101010110000000000001111001000000001
0000010101100001000010000010000000000001
0000100111000000000000001110001000000001
0000101011000011001111000010000100000001
0000101010111011001111010010001100000001
0000100111010011001111000011010100000001
0000100111001011001111010010001100000001
0000100111000011001110010010001100000001
0000100110111011001110100010001100000001
0000100110110011001110110010001100000001
0000000000000000000000000000000000000001
0000100111011000000000001110001000000001
0000101011001000000000001111001000000001
0000011110001001000010000010000000000001
0000011110011001000010000010001001000001
0000011111101000000000001110001000000001
0000011110011001000010000010000000000001
0000011111101011110011110010001000000001
0000011110100000000000001110001000000001
1111111111110001000010000010000000000001
0000011110100001000010000010001001000001
0000011110110000000000001110001000000001
0000011110100000000000001100000000000001
0000100000101111111111110010000000000001
0000011110110000000000001100000000000001
0000100100011111111111110010001000000001
0000101011101000000000001110001000000001
0000011110100000000000001100000000000001
0000100001011111111111110010000000000001
0000011110110000000000001100000000000001
0000100101001111111111110010001000000001
0000101100011000000000001110001000000001
0000011110100000000000001100000000000001
0000100010001111111111110010000000000001
0000011110110000000000001100000000000001
0000100101111111111111110010001000000001
0000101101001000000000001110001000000001
0000011110100000000000001100000000000001
0000100010111111111111110010000000000001
0000011110110000000000001100000000000001
0000100110101111111111110010001000000001
0000101101111000000000001110001000000001
0000011110100000000000001100000000000001
0000100011101111111111110010000000000001
0000011110110000000000001100000000000001
0000100111011111111111110010001000000001
0000101110101000000000001110001000000001
0000011110001001000010000010000000000001
0000011111011001000010000010001001000001
0000000000000000000000000000000000000001
0000011110010000000000001111000000000001
0000000001100011110100010010000000000001
0000101011010000000000001110001000000001
0000101011010000000000001100000000000001
0000000000000000000000000000000000000001
0000101111010011110101010010000100000001
0000101111001011110101100010001100000001
0000101011111011110101010011010100000001
0000101011110011110101100010001100000001
0000101011101011110100100010001100000001
0000101011100011110100110010001100000001
0000101011011011110101000010001100000001
0000000000000000000000000000000000000001
0000101100000000000000001110001000000001
0000101111011000000000001111001000000001
0000101111101011110101010010000100000001
0000101111100011110101100010001100000001
0000101100101011110101010011010100000001
0000101100100011110101100010001100000001
0000101100011011110100100010001100000001
0000101100010011110100110010001100000001
0000101100001011110101000010001100000001
0000000000000000000000000000000000000001
0000101100110000000000001110001000000001
0000101111110000000000001111001000000001
0000110000000011110101010010000100000001
0000101111111011110101100010001100000001
0000101101011011110101010011010100000001
0000101101010011110101100010001100000001
0000101101001011110100100010001100000001
0000101101000011110100110010001100000001
0000101100111011110101000010001100000001
0000000000000000000000000000000000000001
0000101101100000000000001110001000000001
0000110000001000000000001111001000000001
0000110000011011110101010010000100000001
0000110000010011110101100010001100000001
0000101110001011110101010011010100000001
0000101110000011110101100010001100000001
0000101101111011110100100010001100000001
0000101101110011110100110010001100000001
0000101101101011110101000010001100000001
0000000000000000000000000000000000000001
0000101110010000000000001110001000000001
0000110000100000000000001111001000000001
0000110000110011110101010010000100000001
0000110000101011110101100010001100000001
0000101110111011110101010011010100000001
0000101110110011110101100010001100000001
0000101110101011110100100010001100000001
0000101110100011110100110010001100000001
0000101110011011110101000010001100000001
0000000000000000000000000000000000000001
0000101111000000000000001110001000000001
0000110000111000000000001111001000000001
0000000001101001000010000010000000000001
0000110110101001000010000010001001000001
0000110111001000000000001110001000000001
0000110110111001000010000010000000000001
0000110110101001000010000011010000000001
0000110111001011111000110010001000000001
0000000000000000000000000000000000000001
0000110110110000000000001110001000000001
0000110111000000000000001111001000000001
0000110110110001000010000010000000000001
0000110001101000000000001110001000000001
0000110110011000000000001100000000000001
0000110110011111111111110010001001000001
0000000011101000000000001110001000000001
0000110110011001000010000010000000000001
0000000011101001000011010010001000000001
0000110110100000000000001110001000000001
1111111111110001000010000100000000000001
0000110001101001000010000010010001001001
1111111111101001000010000010000000100111
0000110001111000000000001110001000000001
0000101100000011110111000010000000000001
0000110001110000000000001110001000000001
0000110010010011111000100010000000000001
0000110001110011111000010010001000000001
0000110010011000000000001110001000000001
0000101100000011110111010010000000000001
0000110010001000000000001110001000000001
0000110010100011111000000010000000000001
0000110010001011110111100010001000000001
0000110010000011110111110010001000000001
0000110010101000000000001110001000000001
0000110010011001000010000010000000000001
0000110010101001000010000010001000000001
0000110010110000000000001110001000000001
0000110001101000000000001100000000000001
0000101100000111111111110010000000000001
0000110110100001000010000100000000000001
0000000011101000000000001110010000000001
0000000011101000000000001100000000000001
0000110001111111111111110100000000000001
0000000011101000000000001110010000000001
0000000011101000000000001100000000000001
0000110010110111111111110010001000000001
0000110111010000000000001110001000000001
0000101100110011110111000010000000000001
0000110001110000000000001110001000000001
0000110011001011111000100010000000000001
0000110001110011111000010010001000000001
0000110011010000000000001110001000000001
0000101100110011110111010010000000000001
0000110011000000000000001110001000000001
0000110011011011111000000010000000000001
0000110011000011110111100010001000000001
0000110010111011110111110010001000000001
0000110011100000000000001110001000000001
0000110011010001000010000010000000000001
0000110011100001000010000010001000000001
0000110011101000000000001110001000000001
0000110001101000000000001100000000000001
0000101100110111111111110010000000000001
0000110110100001000010000100000000000001
0000000011101000000000001110010000000001
0000000011101000000000001100000000000001
0000110001111111111111110100000000000001
0000000011101000000000001110010000000001
0000000011101000000000001100000000000001
0000110011101111111111110010001000000001
0000110111011000000000001110001000000001
0000101101100011110111000010000000000001
0000110001110000000000001110001000000001
0000110100000011111000100010000000000001
0000110001110011111000010010001000000001
0000110100001000000000001110001000000001
0000101101100011110111010010000000000001
0000110011111000000000001110001000000001
0000110100010011111000000010000000000001
0000110011111011110111100010001000000001
0000110011110011110111110010001000000001
0000110100011000000000001110001000000001
0000110100001001000010000010000000000001
0000110100011001000010000010001000000001
0000110100100000000000001110001000000001
0000110001101000000000001100000000000001
0000101101100111111111110010000000000001
0000110110100001000010000100000000000001
0000000011101000000000001110010000000001
0000000011101000000000001100000000000001
0000110001111111111111110100000000000001
0000000011101000000000001110010000000001
0000000011101000000000001100000000000001
0000110100100111111111110010001000000001
0000110111100000000000001110001000000001
0000101110010011110111000010000000000001
0000110001110000000000001110001000000001
0000110100111011111000100010000000000001
0000110001110011111000010010001000000001
0000110101000000000000001110001000000001
0000101110010011110111010010000000000001
0000110100110000000000001110001000000001
0000110101001011111000000010000000000001
0000110100110011110111100010001000000001
0000110100101011110111110010001000000001
0000110101010000000000001110001000000001
0000110101000001000010000010000000000001
0000110101010001000010000010001000000001
0000110101011000000000001110001000000001
0000110001101000000000001100000000000001
0000101110010111111111110010000000000001
0000110110100001000010000100000000000001
0000000011101000000000001110010000000001
0000000011101000000000001100000000000001
0000110001111111111111110100000000000001
0000000011101000000000001110010000000001
0000000011101000000000001100000000000001
0000110101011111111111110010001000000001
0000110111101000000000001110001000000001
0000101111000011110111000010000000000001
0000110001110000000000001110001000000001
0000110101110011111000100010000000000001
0000110001110011111000010010001000000001
0000110101111000000000001110001000000001
0000101111000011110111010010000000000001
0000110101101000000000001110001000000001
0000110110000011111000000010000000000001
0000110101101011110111100010001000000001
0000110101100011110111110010001000000001
0000110110001000000000001110001000000001
0000110101111001000010000010000000000001
0000110110001001000010000010001000000001
0000110110010000000000001110001000000001
0000110001101000000000001100000000000001
0000101111000111111111110010000000000001
0000110110100001000010000100000000000001
0000000011101000000000001110010000000001
0000000011101000000000001100000000000001
0000110001111111111111110100000000000001
0000000011101000000000001110010000000001
0000000011101000000000001100000000000001
0000110110010111111111110010001000000001
0000110111110000000000001110001000000001
0000110111010001000010000010000000000001
1111111100110000000000000000001000000001
0000110111011001000010000010000000000001
1111111100101000000000000000001000000001
0000110111100001000010000010000000000001
1111111101000000000000000000001000000001
0000110111101001000010000010000000000001
1111111100111000000000000000001000000001
0000110111110001000010000010000000000001
1111111101001000000000000000001000000001
0000000000000000000000000000000000000001
0000000000000000000000000000000000000001
0000000000000000000000000000000000000001
0000000000000000000000000000000000000001
0000000000000000000000000000000000000001
0000000000000000000000000000000000000001
0000000000000000000000000000000000000001
0000000000000000000000000000000000000001
0000000000000000000000000000000000000001
0000000000000000000000000000000000000001
0000000000000000000000000000000000000001
0000000000000000000000000000000000000001
0000000000000000000000000000000000000001
0000000000000000000000000000000000000001
0000000000000000000000000000000000000001
0000000000000000000000000000000000000001
0000000000000000000000000000000000000001
0000000000000000000000000000000000000001
0000000000000000000000000000000000000001
0000000000000000000000000000000000000001
0000000000000000000000000000000000000001
0000000000000000000000000000000000000001
0000000000000000000000000000000000000001
0000000000000000000000000000000000000001
0000000000000000000000000000000000000001
0000000000000000000000000000000000000001
0000000000000000000000000000000000000001
0000000000000000000000000000000000000001
0000000000000000000000000000000000000001
0000000000000000000000000000000000000001
0000000000000000000000000000000000000001
0000000000000000000000000000000000000001
0000000000000000000000000000000000000001
0000000000000000000000000000000000000001
0000000000000000000000000000000000000001
0000000000000000000000000000000000000001
0000000000000000000000000000000000000001
0000000000000000000000000000000000000001
0000000000000000000000000000000000000001
0000000000000000000000000000000000000001
0000000000000000000000000000000000000001
0000000000000000000000000000000000000001
0000000000000000000000000000000000000001
0000000000000000000000000000000000000001
0000000000000000000000000000000000000001
0000000000000000000000000000000000000001
0000000000000000000000000000000000000001
0000000000000000000000000000000000000001
0000000000000000000000000000000000000001
0000000000000000000000000000000000000001
0000000000000000000000000000000000000001
0000000000000000000000000000000000000001
0000000000000000000000000000000000000001
0000000000000000000000000000000000000001
0000000000000000000000000000000000000001
0000000000000000000000000000000000000001
0000000000000000000000000000000000000001
0000000000000000000000000000000000000001
0000000000000000000000000000000000000001
0000000000000000000000000000000000000001
0000000000000000000000000000000000000001
0000000000000000000000000000000000000001
0000000000000000000000000000000000000001
0000000000000000000000000000000000000001
0000000000000000000000000000000000000001
0000000000000000000000000000000000000001
0000000000000000000000000000000000000001
0000000000000000000000000000000000000001
0000000000000000000000000000000000000001
0000000000000000000000000000000000000001
0000000000000000000000000000000000000001
0000000000000000000000000000000000000001
0000000000000000000000000000000000000001
0000000000000000000000000000000000000001
0000000000000000000000000000000000000001
0000000000000000000000000000000000000001
0000000000000000000000000000000000000001
0000000000000000000000000000000000000001
0000000000000000000000000000000000000001
0000000000000000000000000000000000000001
0000000000000000000000000000000000000001
0000000000000000000000000000000000000001
0000000000000000000000000000000000000001
0000000000000000000000000000000000000001
0000000000000000000000000000000000000001
0000000000000000000000000000000000000001
0000000000000000000000000000000000000001
0000000000000000000000000000000000000001
0000000000000000000000000000000000000001
0000000000000000000000000000000000000001
0000000000000000000000000000000000000001
0000000000000000000000000000000000000001
0000000000000000000000000000000000000001
0000000000000000000000000000000000000001
0000000000000000000000000000000000000001
0000000000000000000000000000000000000001
0000000000000000000000000000000000000001
0000000000000000000000000000000000000001
0000000000000000000000000000000000000001
0000000000000000000000000000000000000001
0000000000000000000000000000000000000001
0000000000000000000000000000000000000001
0000000000000000000000000000000000000001
0000000000000000000000000000000000000001
0000000000000000000000000000000000000001
0000000000000000000000000000000000000001
0000000000000000000000000000000000000001
0000000000000000000000000000000000000001
0000000000000000000000000000000000000001
0000000000000000000000000000000000000001
0000000000000000000000000000000000000001
0000000000000000000000000000000000000001
0000000000000000000000000000000000000001
0000000000000000000000000000000000000001
0000000000000000000000000000000000000001
0000000000000000000000000000000000000001
0000000000000000000000000000000000000001
0000000000000000000000000000000000000001
0000000000000000000000000000000000000001
0000000000000000000000000000000000000001
0000000000000000000000000000000000000001
0000000000000000000000000000000000000001
0000000000000000000000000000000000000001
0000000000000000000000000000000000000001
0000000000000000000000000000000000000001
0000000000000000000000000000000000000001
0000000000000000000000000000000000000001
0000000000000000000000000000000000000001
0000000000000000000000000000000000000001
0000000000000000000000000000000000000001
0000000000000000000000000000000000000001
0000000000000000000000000000000000000001
0000000000000000000000000000000000000001
0000000000000000000000000000000000000001
0000000000000000000000000000000000000001
0000000000000000000000000000000000000001
0000000000000000000000000000000000000001
0000000000000000000000000000000000000001
0000000000000000000000000000000000000001
0000000000000000000000000000000000000001
0000000000000000000000000000000000000001
0000000000000000000000000000000000000001
0000000000000000000000000000000000000001
0000000000000000000000000000000000000001
0000000000000000000000000000000000000001
0000000000000000000000000000000000000001
0000000000000000000000000000000000000001
0000000000000000000000000000000000000001
0000000000000000000000000000000000000001
0000000000000000000000000000000000000001
0000000000000000000000000000000000000001
0000000000000000000000000000000000000001
0000000000000000000000000000000000000001
0000000000000000000000000000000000000001
0000000000000000000000000000000000000001
0000000000000000000000000000000000000001
0000000000000000000000000000000000000001
0000000000000000000000000000000000000001
0000000000000000000000000000000000000001
0000000000000000000000000000000000000001
0000000000000000000000000000000000000001
0000000000000000000000000000000000000001
0000000000000000000000000000000000000001
0000000000000000000000000000000000000001
0000000000000000000000000000000000000001
0000000000000000000000000000000000000001
0000000000000000000000000000000000000001
0000000000000000000000000000000000000001
0000000000000000000000000000000000000001
0000000000000000000000000000000000000001
0000000000000000000000000000000000000001
0000000000000000000000000000000000000001
0000000000000000000000000000000000000001
0000000000000000000000000000000000000001
0000000000000000000000000000000000000001
0000000000000000000000000000000000000001
0000000000000000000000000000000000000001
0000000000000000000000000000000000000001
0000000000000000000000000000000000000001
0000000000000000000000000000000000000001
0000000000000000000000000000000000000001
0000000000000000000000000000000000000001
0000000000000000000000000000000000000001
0000000000000000000000000000000000000001
0000000000000000000000000000000000000001
0000000000000000000000000000000000000001
0000000000000000000000000000000000000001
0000000000000000000000000000000000000001
0000000000000000000000000000000000000001
0000000000000000000000000000000000000001
0000000000000000000000000000000000000001
0000000000000000000000000000000000000001
0000000000000000000000000000000000000001
0000000000000000000000000000000000000001
0000000000000000000000000000000000000001
0000000000000000000000000000000000000001
0000000000000000000000000000000000000001
0000000000000000000000000000000000000001
0000000000000000000000000000000000000001
0000000000000000000000000000000000000001
0000000000000000000000000000000000000001
0000000000000000000000000000000000000001
0000000000000000000000000000000000000001
0000000000000000000000000000000000000001
0000000000000000000000000000000000000001
0000000000000000000000000000000000000001
0000000000000000000000000000000000000001
0000000000000000000000000000000000000001
0000000000000000000000000000000000000001
0000000000000000000000000000000000000001
0000000000000000000000000000000000000001
