1111111111110010000000000010000000000001
0000000000000000000000001110001000000001
1111111111110010000000010010000000000001
0000000000001000000000001110001000000001
1111111111110010000000100010000000000001
0000000000010000000000001110001000000001
0000000000000000000000000000000000000001
0000000000011000000000001110100000000001
0000000000000000000000000000000000000001
0000000000100000000000001110100000000001
0000000000000000000000000000000000000001
0000000000101000000000001110100000000001
0000000000000000000000000000000000000001
0000000000110000000000001110100000000001
0000000000000000000000000000000000000001
0000000000111000000000001110100000000001
0000000000000000000000000000000000000001
0000000001000000000000001110100000000001
0000000000000000000000000000000000000001
0000000001001000000000001110100000000001
0000000000000000000000000000000000000001
0000000001010000000000001110100000000001
1111111111110010000000110010000000000001
0000000001011000000000001110001000000001
1111111111110010000001000010000000000001
0000000001100000000000001110001000000001
0000000000010001000010000010000000000001
0000000001110000000000001110001000000001
1111111111101001000010000010000000000001
0000000011001000000000001110001000000001
0000000001101001000010000010000000000001
0000000001110001000010000010001001001001
1111111111110001000010000010000000100110
0000000011001000000000001110001000000001
0000000010001001000010000010000000000001
1111111111110010100111010010001001001001
0000000001101001000010000010000000000001
0000000010101001000010000010000000100101
0000000010110000000000001110001000000001
0000000010011001000010000010000000000001
1111111111110010100111010010001001001001
0000000001101001000010000010000000000001
0000000010111001000010000010000000100101
0000000011000000000000001110001000000001
0000000011010001000010000010000000000001
0000000000000000000000000000000000000001
0000000011100000000000001111000000000001
0000000011100001000010000010000000000001
1111111111110010100111010010001001001001
0000000011001001000010000010000000000001
1111111111101001000010000010000000100101
0000000011001000000000001110001000000001
0000000001101001000010000010000000000001
0000000001110000000000001110001000100101
0000000010110010000001010010000000000001
0000000011101000000000001110001000000001
0000000011101000000000001100000000000001
0000000000101001000010000010000000000001
0000000100010000000000001110001000000001
0000001100001010000010010010000100000001
0000001100000010000010100010001100000001
0000000100100010000010010011010100000001
0000000100011010000010100010001100000001
0000000100010010000001100010001100000001
0000000100001010000001110010001100000001
0000000100000010000010000010001100000001
0000000000000000000000000000000000000001
0000000100101000000000001110001000000001
0000001100010000000000001111001000000001
0000000000110001000010000010000000000001
0000000101001000000000001110001000000001
0000001100100010000010010010000100000001
0000001100011010000010100010001100000001
0000000101011010000010010011010100000001
0000000101010010000010100010001100000001
0000000101001010000001100010001100000001
0000000101000010000001110010001100000001
0000000100111010000010000010001100000001
0000000000000000000000000000000000000001
0000000101100000000000001110001000000001
0000001100101000000000001111001000000001
0000000000111001000010000010000000000001
0000000110000000000000001110001000000001
0000001100111010000010010010000100000001
0000001100110010000010100010001100000001
0000000110010010000010010011010100000001
0000000110001010000010100010001100000001
0000000110000010000001100010001100000001
0000000101111010000001110010001100000001
0000000101110010000010000010001100000001
0000000000000000000000000000000000000001
0000000110011000000000001110001000000001
0000001101000000000000001111001000000001
0000000001000001000010000010000000000001
0000000110111000000000001110001000000001
0000001101010010000010010010000100000001
0000001101001010000010100010001100000001
0000000111001010000010010011010100000001
0000000111000010000010100010001100000001
0000000110111010000001100010001100000001
0000000110110010000001110010001100000001
0000000110101010000010000010001100000001
0000000000000000000000000000000000000001
0000000111010000000000001110001000000001
0000001101011000000000001111001000000001
0000000001001001000010000010000000000001
0000000111110000000000001110001000000001
0000001101101010000010010010000100000001
0000001101100010000010100010001100000001
0000001000000010000010010011010100000001
0000000111111010000010100010001100000001
0000000111110010000001100010001100000001
0000000111101010000001110010001100000001
0000000111100010000010000010001100000001
0000000000000000000000000000000000000001
0000001000001000000000001110001000000001
0000001101110000000000001111001000000001
0000000011000010000001010010000000000001
0000000011110000000000001110001000000001
0000000011110000000000001100000000000001
0000000000101001000010000010000000000001
0000001000100000000000001110001000000001
0000001110000010000010010010000100000001
0000001101111010000010100010001100000001
0000001000110010000010010011010100000001
0000001000101010000010100010001100000001
0000001000100010000001100010001100000001
0000001000011010000001110010001100000001
0000001000010010000010000010001100000001
0000000000000000000000000000000000000001
0000001000111000000000001110001000000001
0000001110001000000000001111001000000001
0000000000110001000010000010000000000001
0000001001010000000000001110001000000001
0000001110011010000010010010000100000001
0000001110010010000010100010001100000001
0000001001100010000010010011010100000001
0000001001011010000010100010001100000001
0000001001010010000001100010001100000001
0000001001001010000001110010001100000001
0000001001000010000010000010001100000001
0000000000000000000000000000000000000001
0000001001101000000000001110001000000001
0000001110100000000000001111001000000001
0000000000111001000010000010000000000001
0000001010000000000000001110001000000001
0000001110110010000010010010000100000001
0000001110101010000010100010001100000001
0000001010010010000010010011010100000001
0000001010001010000010100010001100000001
0000001010000010000001100010001100000001
0000001001111010000001110010001100000001
0000001001110010000010000010001100000001
0000000000000000000000000000000000000001
0000001010011000000000001110001000000001
0000001110111000000000001111001000000001
0000000001000001000010000010000000000001
0000001010110000000000001110001000000001
0000001111001010000010010010000100000001
0000001111000010000010100010001100000001
0000001011000010000010010011010100000001
0000001010111010000010100010001100000001
0000001010110010000001100010001100000001
0000001010101010000001110010001100000001
0000001010100010000010000010001100000001
0000000000000000000000000000000000000001
0000001011001000000000001110001000000001
0000001111010000000000001111001000000001
0000000001001001000010000010000000000001
0000001011100000000000001110001000000001
0000001111100010000010010010000100000001
0000001111011010000010100010001100000001
0000001011110010000010010011010100000001
0000001011101010000010100010001100000001
0000001011100010000001100010001100000001
0000001011011010000001110010001100000001
0000001011010010000010000010001100000001
0000000000000000000000000000000000000001
0000001011111000000000001110001000000001
0000001111101000000000001111001000000001
0000000001111001000010000010000000000001
0000000010001001000010000010001001000001
0000000011011000000000001110001000000001
0000000010001001000010000010000000000001
0000000011011010100111000010001000000001
0000000010010000000000001110001000000001
1111111111110001000010000010000000000001
0000000010010001000010000010001001000001
0000000010100000000000001110001000000001
0000000010010000000000001100000000000001
0000000100101111111111110010000000000001
0000000010100000000000001100000000000001
0000001000111111111111110010001000000001
0000000011111000000000001110001000000001
0000000010010000000000001100000000000001
0000000101100111111111110010000000000001
0000000010100000000000001100000000000001
0000001001101111111111110010001000000001
0000000100110000000000001110001000000001
0000000010010000000000001100000000000001
0000000110011111111111110010000000000001
0000000010100000000000001100000000000001
0000001010011111111111110010001000000001
0000000101101000000000001110001000000001
0000000010010000000000001100000000000001
0000000111010111111111110010000000000001
0000000010100000000000001100000000000001
0000001011001111111111110010001000000001
0000000110100000000000001110001000000001
0000000010010000000000001100000000000001
0000001000001111111111110010000000000001
0000000010100000000000001100000000000001
0000001011111111111111110010001000000001
0000000111011000000000001110001000000001
0000000001111001000010000010000000000001
0000000011001001000010000010001001000001
0000000000000000000000000000000000000001
0000000010000000000000001111000000000001
0000000001011001000010000010000000000001
1111111011011000000000000000001000000001
0000000001010001000010000010000000000001
1111111101010000000000000000001000000001
0000000000001001000010000010000000000001
0000001111111000000000001110001000000001
1111111111101001000010000010000000000001
0000010001010000000000001110001000000001
0000001111110001000010000010000000000001
0000001111111001000010000010001001001001
1111111111110001000010000010000000100110
0000010001010000000000001110001000000001
0000010000010001000010000010000000000001
1111111111110011001101100010001001001001
0000001111110001000010000010000000000001
0000010000110001000010000010000000100101
0000010000111000000000001110001000000001
0000010000100001000010000010000000000001
1111111111110011001101100010001001001001
0000001111110001000010000010000000000001
0000010001000001000010000010000000100101
0000010001001000000000001110001000000001
0000010001011001000010000010000000000001
0000000000000000000000000000000000000001
0000000011100000000000001111000000000001
0000000011100001000010000010000000000001
1111111111110011001101100010001001001001
0000010001010001000010000010000000000001
1111111111101001000010000010000000100101
0000010001010000000000001110001000000001
0000001111110001000010000010000000000001
0000001111111000000000001110001000100101
0000010000111010100111100010000000000001
0000010001101000000000001110001000000001
0000010001101000000000001100000000000001
0000000011111001000010000010000000000001
0000010010010000000000001110001000000001
0000011010001010101000100010000100000001
0000011010000010101000110010001100000001
0000010010100010101000100011010100000001
0000010010011010101000110010001100000001
0000010010010010100111110010001100000001
0000010010001010101000000010001100000001
0000010010000010101000010010001100000001
0000000000000000000000000000000000000001
0000010010101000000000001110001000000001
0000011010010000000000001111001000000001
0000000100110001000010000010000000000001
0000010011001000000000001110001000000001
0000011010100010101000100010000100000001
0000011010011010101000110010001100000001
0000010011011010101000100011010100000001
0000010011010010101000110010001100000001
0000010011001010100111110010001100000001
0000010011000010101000000010001100000001
0000010010111010101000010010001100000001
0000000000000000000000000000000000000001
0000010011100000000000001110001000000001
0000011010101000000000001111001000000001
0000000101101001000010000010000000000001
0000010100000000000000001110001000000001
0000011010111010101000100010000100000001
0000011010110010101000110010001100000001
0000010100010010101000100011010100000001
0000010100001010101000110010001100000001
0000010100000010100111110010001100000001
0000010011111010101000000010001100000001
0000010011110010101000010010001100000001
0000000000000000000000000000000000000001
0000010100011000000000001110001000000001
0000011011000000000000001111001000000001
0000000110100001000010000010000000000001
0000010100111000000000001110001000000001
0000011011010010101000100010000100000001
0000011011001010101000110010001100000001
0000010101001010101000100011010100000001
0000010101000010101000110010001100000001
0000010100111010100111110010001100000001
0000010100110010101000000010001100000001
0000010100101010101000010010001100000001
0000000000000000000000000000000000000001
0000010101010000000000001110001000000001
0000011011011000000000001111001000000001
0000000111011001000010000010000000000001
0000010101110000000000001110001000000001
0000011011101010101000100010000100000001
0000011011100010101000110010001100000001
0000010110000010101000100011010100000001
0000010101111010101000110010001100000001
0000010101110010100111110010001100000001
0000010101101010101000000010001100000001
0000010101100010101000010010001100000001
0000000000000000000000000000000000000001
0000010110001000000000001110001000000001
0000011011110000000000001111001000000001
0000010001001010100111100010000000000001
0000010001110000000000001110001000000001
0000010001110000000000001100000000000001
0000000011111001000010000010000000000001
0000010110100000000000001110001000000001
0000011100000010101000100010000100000001
0000011011111010101000110010001100000001
0000010110110010101000100011010100000001
0000010110101010101000110010001100000001
0000010110100010100111110010001100000001
0000010110011010101000000010001100000001
0000010110010010101000010010001100000001
0000000000000000000000000000000000000001
0000010110111000000000001110001000000001
0000011100001000000000001111001000000001
0000000100110001000010000010000000000001
0000010111010000000000001110001000000001
0000011100011010101000100010000100000001
0000011100010010101000110010001100000001
0000010111100010101000100011010100000001
0000010111011010101000110010001100000001
0000010111010010100111110010001100000001
0000010111001010101000000010001100000001
0000010111000010101000010010001100000001
0000000000000000000000000000000000000001
0000010111101000000000001110001000000001
0000011100100000000000001111001000000001
0000000101101001000010000010000000000001
0000011000000000000000001110001000000001
0000011100110010101000100010000100000001
0000011100101010101000110010001100000001
0000011000010010101000100011010100000001
0000011000001010101000110010001100000001
0000011000000010100111110010001100000001
0000010111111010101000000010001100000001
0000010111110010101000010010001100000001
0000000000000000000000000000000000000001
0000011000011000000000001110001000000001
0000011100111000000000001111001000000001
0000000110100001000010000010000000000001
0000011000110000000000001110001000000001
0000011101001010101000100010000100000001
0000011101000010101000110010001100000001
0000011001000010101000100011010100000001
0000011000111010101000110010001100000001
0000011000110010100111110010001100000001
0000011000101010101000000010001100000001
0000011000100010101000010010001100000001
0000000000000000000000000000000000000001
0000011001001000000000001110001000000001
0000011101010000000000001111001000000001
0000000111011001000010000010000000000001
0000011001100000000000001110001000000001
0000011101100010101000100010000100000001
0000011101011010101000110010001100000001
0000011001110010101000100011010100000001
0000011001101010101000110010001100000001
0000011001100010100111110010001100000001
0000011001011010101000000010001100000001
0000011001010010101000010010001100000001
0000000000000000000000000000000000000001
0000011001111000000000001110001000000001
0000011101101000000000001111001000000001
0000010000000001000010000010000000000001
0000010000010001000010000010001001000001
0000010001100000000000001110001000000001
0000010000010001000010000010000000000001
0000010001100011001101010010001000000001
0000010000011000000000001110001000000001
1111111111110001000010000010000000000001
0000010000011001000010000010001001000001
0000010000101000000000001110001000000001
0000010000011000000000001100000000000001
0000010010101111111111110010000000000001
0000010000101000000000001100000000000001
0000010110111111111111110010001000000001
0000010001111000000000001110001000000001
0000010000011000000000001100000000000001
0000010011100111111111110010000000000001
0000010000101000000000001100000000000001
0000010111101111111111110010001000000001
0000010010110000000000001110001000000001
0000010000011000000000001100000000000001
0000010100011111111111110010000000000001
0000010000101000000000001100000000000001
0000011000011111111111110010001000000001
0000010011101000000000001110001000000001
0000010000011000000000001100000000000001
0000010101010111111111110010000000000001
0000010000101000000000001100000000000001
0000011001001111111111110010001000000001
0000010100100000000000001110001000000001
0000010000011000000000001100000000000001
0000010110001111111111110010000000000001
0000010000101000000000001100000000000001
0000011001111111111111110010001000000001
0000010101011000000000001110001000000001
0000010000000001000010000010000000000001
0000010001010001000010000010001001000001
0000000000000000000000000000000000000001
0000010000001000000000001111000000000001
0000000000000001000010000010000000000001
0000011101111000000000001110001000000001
1111111111101001000010000010000000000001
0000011111010000000000001110001000000001
0000011101110001000010000010000000000001
0000011101111001000010000010001001001001
1111111111110001000010000010000000100110
0000011111010000000000001110001000000001
0000011110010001000010000010000000000001
1111111111110011110011110010001001001001
0000011101110001000010000010000000000001
0000011110110001000010000010000000100101
0000011110111000000000001110001000000001
0000011110100001000010000010000000000001
1111111111110011110011110010001001001001
0000011101110001000010000010000000000001
0000011111000001000010000010000000100101
0000011111001000000000001110001000000001
0000011111011001000010000010000000000001
0000000000000000000000000000000000000001
0000000011100000000000001111000000000001
0000000011100001000010000010000000000001
1111111111110011110011110010001001001001
0000011111010001000010000010000000000001
1111111111101001000010000010000000100101
0000011111010000000000001110001000000001
0000011101110001000010000010000000000001
0000011101111000000000001110001000100101
0000011110111011001101110010000000000001
0000011111101000000000001110001000000001
0000011111101000000000001100000000000001
0000010001111001000010000010000000000001
0000100000001000000000001110001000000001
0000100111100011001110110010000100000001
0000100111011011001111000010001100000001
0000100000011011001110110011010100000001
0000100000010011001111000010001100000001
0000100000001011001110000010001100000001
0000100000000011001110010010001100000001
0000011111111011001110100010001100000001
0000000000000000000000000000000000000001
0000100000100000000000001110001000000001
0000100111101000000000001111001000000001
0000010010110001000010000010000000000001
0000100000111000000000001110001000000001
0000100111111011001110110010000100000001
0000100111110011001111000010001100000001
0000100001001011001110110011010100000001
0000100001000011001111000010001100000001
0000100000111011001110000010001100000001
0000100000110011001110010010001100000001
0000100000101011001110100010001100000001
0000000000000000000000000000000000000001
0000100001010000000000001110001000000001
0000101000000000000000001111001000000001
0000010011101001000010000010000000000001
0000100001101000000000001110001000000001
0000101000010011001110110010000100000001
0000101000001011001111000010001100000001
0000100001111011001110110011010100000001
0000100001110011001111000010001100000001
0000100001101011001110000010001100000001
0000100001100011001110010010001100000001
0000100001011011001110100010001100000001
0000000000000000000000000000000000000001
0000100010000000000000001110001000000001
0000101000011000000000001111001000000001
0000010100100001000010000010000000000001
0000100010011000000000001110001000000001
0000101000101011001110110010000100000001
0000101000100011001111000010001100000001
0000100010101011001110110011010100000001
0000100010100011001111000010001100000001
0000100010011011001110000010001100000001
0000100010010011001110010010001100000001
0000100010001011001110100010001100000001
0000000000000000000000000000000000000001
0000100010110000000000001110001000000001
0000101000110000000000001111001000000001
0000010101011001000010000010000000000001
0000100011001000000000001110001000000001
0000101001000011001110110010000100000001
0000101000111011001111000010001100000001
0000100011011011001110110011010100000001
0000100011010011001111000010001100000001
0000100011001011001110000010001100000001
0000100011000011001110010010001100000001
0000100010111011001110100010001100000001
0000000000000000000000000000000000000001
0000100011100000000000001110001000000001
0000101001001000000000001111001000000001
0000011111001011001101110010000000000001
0000011111110000000000001110001000000001
0000011111110000000000001100000000000001
0000010001111001000010000010000000000001
0000100011111000000000001110001000000001
0000101001011011001110110010000100000001
0000101001010011001111000010001100000001
0000100100001011001110110011010100000001
0000100100000011001111000010001100000001
0000100011111011001110000010001100000001
0000100011110011001110010010001100000001
0000100011101011001110100010001100000001
0000000000000000000000000000000000000001
0000100100010000000000001110001000000001
0000101001100000000000001111001000000001
0000010010110001000010000010000000000001
0000100100101000000000001110001000000001
0000101001110011001110110010000100000001
0000101001101011001111000010001100000001
0000100100111011001110110011010100000001
0000100100110011001111000010001100000001
0000100100101011001110000010001100000001
0000100100100011001110010010001100000001
0000100100011011001110100010001100000001
0000000000000000000000000000000000000001
0000100101000000000000001110001000000001
0000101001111000000000001111001000000001
0000010011101001000010000010000000000001
0000100101011000000000001110001000000001
0000101010001011001110110010000100000001
0000101010000011001111000010001100000001
0000100101101011001110110011010100000001
0000100101100011001111000010001100000001
0000100101011011001110000010001100000001
0000100101010011001110010010001100000001
0000100101001011001110100010001100000001
0000000000000000000000000000000000000001
0000100101110000000000001110001000000001
0000101010010000000000001111001000000001
0000010100100001000010000010000000000001
0000100110001000000000001110001000000001
0000101010100011001110110010000100000001
0000101010011011001111000010001100000001
0000100110011011001110110011010100000001
0000100110010011001111000010001100000001
0000100110001011001110000010001100000001
0000100110000011001110010010001100000001
0000100101111011001110100010001100000001
0000000000000000000000000000000000000001
0000100110100000000000001110001000000001
0000101010101000000000001111001000000001
0000010101011001000010000010000000000001
0000100110111000000000001110001000000001
0000101010111011001110110010000100000001
0000101010110011001111000010001100000001
0000100111001011001110110011010100000001
0000100111000011001111000010001100000001
0000100110111011001110000010001100000001
0000100110110011001110010010001100000001
0000100110101011001110100010001100000001
0000000000000000000000000000000000000001
0000100111010000000000001110001000000001
0000101011000000000000001111001000000001
0000011110000001000010000010000000000001
0000011110010001000010000010001001000001
0000011111100000000000001110001000000001
0000011110010001000010000010000000000001
0000011111100011110011100010001000000001
0000011110011000000000001110001000000001
1111111111110001000010000010000000000001
0000011110011001000010000010001001000001
0000011110101000000000001110001000000001
0000011110011000000000001100000000000001
0000100000100111111111110010000000000001
0000011110101000000000001100000000000001
0000100100010111111111110010001000000001
0000101011100000000000001110001000000001
0000011110011000000000001100000000000001
0000100001010111111111110010000000000001
0000011110101000000000001100000000000001
0000100101000111111111110010001000000001
0000101100010000000000001110001000000001
0000011110011000000000001100000000000001
0000100010000111111111110010000000000001
0000011110101000000000001100000000000001
0000100101110111111111110010001000000001
0000101101000000000000001110001000000001
0000011110011000000000001100000000000001
0000100010110111111111110010000000000001
0000011110101000000000001100000000000001
0000100110100111111111110010001000000001
0000101101110000000000001110001000000001
0000011110011000000000001100000000000001
0000100011100111111111110010000000000001
0000011110101000000000001100000000000001
0000100111010111111111110010001000000001
0000101110100000000000001110001000000001
0000011110000001000010000010000000000001
0000011111010001000010000010001001000001
0000000000000000000000000000000000000001
0000011110001000000000001111000000000001
0000000001100011110100000010000000000001
0000101011001000000000001110001000000001
0000101011001000000000001100000000000001
0000000000000000000000000000000000000001
0000101111001011110101000010000100000001
0000101111000011110101010010001100000001
0000101011110011110101000011010100000001
0000101011101011110101010010001100000001
0000101011100011110100010010001100000001
0000101011011011110100100010001100000001
0000101011010011110100110010001100000001
0000000000000000000000000000000000000001
0000101011111000000000001110001000000001
0000101111010000000000001111001000000001
0000101111100011110101000010000100000001
0000101111011011110101010010001100000001
0000101100100011110101000011010100000001
0000101100011011110101010010001100000001
0000101100010011110100010010001100000001
0000101100001011110100100010001100000001
0000101100000011110100110010001100000001
0000000000000000000000000000000000000001
0000101100101000000000001110001000000001
0000101111101000000000001111001000000001
0000101111111011110101000010000100000001
0000101111110011110101010010001100000001
0000101101010011110101000011010100000001
0000101101001011110101010010001100000001
0000101101000011110100010010001100000001
0000101100111011110100100010001100000001
0000101100110011110100110010001100000001
0000000000000000000000000000000000000001
0000101101011000000000001110001000000001
0000110000000000000000001111001000000001
0000110000010011110101000010000100000001
0000110000001011110101010010001100000001
0000101110000011110101000011010100000001
0000101101111011110101010010001100000001
0000101101110011110100010010001100000001
0000101101101011110100100010001100000001
0000101101100011110100110010001100000001
0000000000000000000000000000000000000001
0000101110001000000000001110001000000001
0000110000011000000000001111001000000001
0000110000101011110101000010000100000001
0000110000100011110101010010001100000001
0000101110110011110101000011010100000001
0000101110101011110101010010001100000001
0000101110100011110100010010001100000001
0000101110011011110100100010001100000001
0000101110010011110100110010001100000001
0000000000000000000000000000000000000001
0000101110111000000000001110001000000001
0000110000110000000000001111001000000001
0000101011111001000010000010000000000001
1111111100110000000000000000001000000001
0000101100101001000010000010000000000001
1111111100101000000000000000001000000001
0000101101011001000010000010000000000001
1111111101000000000000000000001000000001
0000101110001001000010000010000000000001
1111111100111000000000000000001000000001
0000101110111001000010000010000000000001
1111111101001000000000000000001000000001
0000000000000000000000000000000000000001
0000000000000000000000000000000000000001
0000000000000000000000000000000000000001
0000000000000000000000000000000000000001
0000000000000000000000000000000000000001
0000000000000000000000000000000000000001
0000000000000000000000000000000000000001
0000000000000000000000000000000000000001
0000000000000000000000000000000000000001
0000000000000000000000000000000000000001
0000000000000000000000000000000000000001
0000000000000000000000000000000000000001
0000000000000000000000000000000000000001
0000000000000000000000000000000000000001
0000000000000000000000000000000000000001
0000000000000000000000000000000000000001
0000000000000000000000000000000000000001
0000000000000000000000000000000000000001
0000000000000000000000000000000000000001
0000000000000000000000000000000000000001
0000000000000000000000000000000000000001
0000000000000000000000000000000000000001
0000000000000000000000000000000000000001
0000000000000000000000000000000000000001
0000000000000000000000000000000000000001
0000000000000000000000000000000000000001
0000000000000000000000000000000000000001
0000000000000000000000000000000000000001
0000000000000000000000000000000000000001
0000000000000000000000000000000000000001
0000000000000000000000000000000000000001
0000000000000000000000000000000000000001
0000000000000000000000000000000000000001
0000000000000000000000000000000000000001
0000000000000000000000000000000000000001
0000000000000000000000000000000000000001
0000000000000000000000000000000000000001
0000000000000000000000000000000000000001
0000000000000000000000000000000000000001
0000000000000000000000000000000000000001
0000000000000000000000000000000000000001
0000000000000000000000000000000000000001
0000000000000000000000000000000000000001
0000000000000000000000000000000000000001
0000000000000000000000000000000000000001
0000000000000000000000000000000000000001
0000000000000000000000000000000000000001
0000000000000000000000000000000000000001
0000000000000000000000000000000000000001
0000000000000000000000000000000000000001
0000000000000000000000000000000000000001
0000000000000000000000000000000000000001
0000000000000000000000000000000000000001
0000000000000000000000000000000000000001
0000000000000000000000000000000000000001
0000000000000000000000000000000000000001
0000000000000000000000000000000000000001
0000000000000000000000000000000000000001
0000000000000000000000000000000000000001
0000000000000000000000000000000000000001
0000000000000000000000000000000000000001
0000000000000000000000000000000000000001
0000000000000000000000000000000000000001
0000000000000000000000000000000000000001
0000000000000000000000000000000000000001
0000000000000000000000000000000000000001
0000000000000000000000000000000000000001
0000000000000000000000000000000000000001
0000000000000000000000000000000000000001
0000000000000000000000000000000000000001
0000000000000000000000000000000000000001
0000000000000000000000000000000000000001
0000000000000000000000000000000000000001
0000000000000000000000000000000000000001
0000000000000000000000000000000000000001
0000000000000000000000000000000000000001
0000000000000000000000000000000000000001
0000000000000000000000000000000000000001
0000000000000000000000000000000000000001
0000000000000000000000000000000000000001
0000000000000000000000000000000000000001
0000000000000000000000000000000000000001
0000000000000000000000000000000000000001
0000000000000000000000000000000000000001
0000000000000000000000000000000000000001
0000000000000000000000000000000000000001
0000000000000000000000000000000000000001
0000000000000000000000000000000000000001
0000000000000000000000000000000000000001
0000000000000000000000000000000000000001
0000000000000000000000000000000000000001
0000000000000000000000000000000000000001
0000000000000000000000000000000000000001
0000000000000000000000000000000000000001
0000000000000000000000000000000000000001
0000000000000000000000000000000000000001
0000000000000000000000000000000000000001
0000000000000000000000000000000000000001
0000000000000000000000000000000000000001
0000000000000000000000000000000000000001
0000000000000000000000000000000000000001
0000000000000000000000000000000000000001
0000000000000000000000000000000000000001
0000000000000000000000000000000000000001
0000000000000000000000000000000000000001
0000000000000000000000000000000000000001
0000000000000000000000000000000000000001
0000000000000000000000000000000000000001
0000000000000000000000000000000000000001
0000000000000000000000000000000000000001
0000000000000000000000000000000000000001
0000000000000000000000000000000000000001
0000000000000000000000000000000000000001
0000000000000000000000000000000000000001
0000000000000000000000000000000000000001
0000000000000000000000000000000000000001
0000000000000000000000000000000000000001
0000000000000000000000000000000000000001
0000000000000000000000000000000000000001
0000000000000000000000000000000000000001
0000000000000000000000000000000000000001
0000000000000000000000000000000000000001
0000000000000000000000000000000000000001
0000000000000000000000000000000000000001
0000000000000000000000000000000000000001
0000000000000000000000000000000000000001
0000000000000000000000000000000000000001
0000000000000000000000000000000000000001
0000000000000000000000000000000000000001
0000000000000000000000000000000000000001
0000000000000000000000000000000000000001
0000000000000000000000000000000000000001
0000000000000000000000000000000000000001
0000000000000000000000000000000000000001
0000000000000000000000000000000000000001
0000000000000000000000000000000000000001
0000000000000000000000000000000000000001
0000000000000000000000000000000000000001
0000000000000000000000000000000000000001
0000000000000000000000000000000000000001
0000000000000000000000000000000000000001
0000000000000000000000000000000000000001
0000000000000000000000000000000000000001
0000000000000000000000000000000000000001
0000000000000000000000000000000000000001
0000000000000000000000000000000000000001
0000000000000000000000000000000000000001
0000000000000000000000000000000000000001
0000000000000000000000000000000000000001
0000000000000000000000000000000000000001
0000000000000000000000000000000000000001
0000000000000000000000000000000000000001
0000000000000000000000000000000000000001
0000000000000000000000000000000000000001
0000000000000000000000000000000000000001
0000000000000000000000000000000000000001
0000000000000000000000000000000000000001
0000000000000000000000000000000000000001
0000000000000000000000000000000000000001
0000000000000000000000000000000000000001
0000000000000000000000000000000000000001
0000000000000000000000000000000000000001
0000000000000000000000000000000000000001
0000000000000000000000000000000000000001
0000000000000000000000000000000000000001
0000000000000000000000000000000000000001
0000000000000000000000000000000000000001
0000000000000000000000000000000000000001
0000000000000000000000000000000000000001
0000000000000000000000000000000000000001
0000000000000000000000000000000000000001
0000000000000000000000000000000000000001
0000000000000000000000000000000000000001
0000000000000000000000000000000000000001
0000000000000000000000000000000000000001
0000000000000000000000000000000000000001
0000000000000000000000000000000000000001
0000000000000000000000000000000000000001
0000000000000000000000000000000000000001
0000000000000000000000000000000000000001
0000000000000000000000000000000000000001
0000000000000000000000000000000000000001
0000000000000000000000000000000000000001
0000000000000000000000000000000000000001
0000000000000000000000000000000000000001
0000000000000000000000000000000000000001
0000000000000000000000000000000000000001
0000000000000000000000000000000000000001
0000000000000000000000000000000000000001
0000000000000000000000000000000000000001
0000000000000000000000000000000000000001
0000000000000000000000000000000000000001
0000000000000000000000000000000000000001
0000000000000000000000000000000000000001
0000000000000000000000000000000000000001
0000000000000000000000000000000000000001
0000000000000000000000000000000000000001
0000000000000000000000000000000000000001
0000000000000000000000000000000000000001
0000000000000000000000000000000000000001
0000000000000000000000000000000000000001
0000000000000000000000000000000000000001
0000000000000000000000000000000000000001
0000000000000000000000000000000000000001
0000000000000000000000000000000000000001
0000000000000000000000000000000000000001
0000000000000000000000000000000000000001
0000000000000000000000000000000000000001
0000000000000000000000000000000000000001
0000000000000000000000000000000000000001
0000000000000000000000000000000000000001
0000000000000000000000000000000000000001
0000000000000000000000000000000000000001
0000000000000000000000000000000000000001
0000000000000000000000000000000000000001
0000000000000000000000000000000000000001
0000000000000000000000000000000000000001
0000000000000000000000000000000000000001
0000000000000000000000000000000000000001
0000000000000000000000000000000000000001
0000000000000000000000000000000000000001
0000000000000000000000000000000000000001
0000000000000000000000000000000000000001
0000000000000000000000000000000000000001
0000000000000000000000000000000000000001
0000000000000000000000000000000000000001
0000000000000000000000000000000000000001
0000000000000000000000000000000000000001
0000000000000000000000000000000000000001
0000000000000000000000000000000000000001
0000000000000000000000000000000000000001
0000000000000000000000000000000000000001
0000000000000000000000000000000000000001
0000000000000000000000000000000000000001
0000000000000000000000000000000000000001
0000000000000000000000000000000000000001
0000000000000000000000000000000000000001
0000000000000000000000000000000000000001
0000000000000000000000000000000000000001
0000000000000000000000000000000000000001
0000000000000000000000000000000000000001
0000000000000000000000000000000000000001
0000000000000000000000000000000000000001
0000000000000000000000000000000000000001
0000000000000000000000000000000000000001
0000000000000000000000000000000000000001
0000000000000000000000000000000000000001
0000000000000000000000000000000000000001
0000000000000000000000000000000000000001
0000000000000000000000000000000000000001
0000000000000000000000000000000000000001
0000000000000000000000000000000000000001
0000000000000000000000000000000000000001
0000000000000000000000000000000000000001
0000000000000000000000000000000000000001
0000000000000000000000000000000000000001
0000000000000000000000000000000000000001
0000000000000000000000000000000000000001
0000000000000000000000000000000000000001
0000000000000000000000000000000000000001
0000000000000000000000000000000000000001
0000000000000000000000000000000000000001
0000000000000000000000000000000000000001
0000000000000000000000000000000000000001
0000000000000000000000000000000000000001
0000000000000000000000000000000000000001
0000000000000000000000000000000000000001
0000000000000000000000000000000000000001
0000000000000000000000000000000000000001
0000000000000000000000000000000000000001
0000000000000000000000000000000000000001
0000000000000000000000000000000000000001
0000000000000000000000000000000000000001
0000000000000000000000000000000000000001
0000000000000000000000000000000000000001
0000000000000000000000000000000000000001
0000000000000000000000000000000000000001
0000000000000000000000000000000000000001
0000000000000000000000000000000000000001
0000000000000000000000000000000000000001
0000000000000000000000000000000000000001
0000000000000000000000000000000000000001
0000000000000000000000000000000000000001
0000000000000000000000000000000000000001
0000000000000000000000000000000000000001
0000000000000000000000000000000000000001
0000000000000000000000000000000000000001
0000000000000000000000000000000000000001
0000000000000000000000000000000000000001
0000000000000000000000000000000000000001
0000000000000000000000000000000000000001
0000000000000000000000000000000000000001
0000000000000000000000000000000000000001
0000000000000000000000000000000000000001
0000000000000000000000000000000000000001
0000000000000000000000000000000000000001
0000000000000000000000000000000000000001
0000000000000000000000000000000000000001
0000000000000000000000000000000000000001
0000000000000000000000000000000000000001
0000000000000000000000000000000000000001
0000000000000000000000000000000000000001
0000000000000000000000000000000000000001
0000000000000000000000000000000000000001
0000000000000000000000000000000000000001
0000000000000000000000000000000000000001
0000000000000000000000000000000000000001
0000000000000000000000000000000000000001
0000000000000000000000000000000000000001
0000000000000000000000000000000000000001
0000000000000000000000000000000000000001
0000000000000000000000000000000000000001
0000000000000000000000000000000000000001
0000000000000000000000000000000000000001
0000000000000000000000000000000000000001
0000000000000000000000000000000000000001
0000000000000000000000000000000000000001
0000000000000000000000000000000000000001
0000000000000000000000000000000000000001
0000000000000000000000000000000000000001
0000000000000000000000000000000000000001
0000000000000000000000000000000000000001
0000000000000000000000000000000000000001
0000000000000000000000000000000000000001
0000000000000000000000000000000000000001
0000000000000000000000000000000000000001
0000000000000000000000000000000000000001
0000000000000000000000000000000000000001
0000000000000000000000000000000000000001
0000000000000000000000000000000000000001
0000000000000000000000000000000000000001
0000000000000000000000000000000000000001
0000000000000000000000000000000000000001
0000000000000000000000000000000000000001
0000000000000000000000000000000000000001
0000000000000000000000000000000000000001
0000000000000000000000000000000000000001
0000000000000000000000000000000000000001
0000000000000000000000000000000000000001
0000000000000000000000000000000000000001
0000000000000000000000000000000000000001
0000000000000000000000000000000000000001
0000000000000000000000000000000000000001
0000000000000000000000000000000000000001
0000000000000000000000000000000000000001
0000000000000000000000000000000000000001
0000000000000000000000000000000000000001
0000000000000000000000000000000000000001
0000000000000000000000000000000000000001
0000000000000000000000000000000000000001
0000000000000000000000000000000000000001
0000000000000000000000000000000000000001
0000000000000000000000000000000000000001
0000000000000000000000000000000000000001
